NEch;NZon;NCha;NObj;XChE;YChE;ZChE;XObC;YObC;XObE;YObE;IPos;Cor_Bord;Taille_Pixel;Unite;Phase;Sens;Longueur;G;Diamètre;P6;P7;P8;P9;P10;Nom image
1;1;42;1;7778;-10864.4;-12372.054;16;497;-1;-1;0.5;non;0.345;µm;1;H;11.73;7.494;25.90;-1;-1;-1;-1;-1;D:\Sessions Metalia\C Camus\ISO 643_INT_277172_2022-06-07_10-47-02\Images_277172\277172_Champ_1_1_42.tif
1;1;42;2;7778;-10864.4;-12372.054;88.5;497;-1;-1;1;non;0.345;µm;1;H;38.30;6.080;42.28;-1;-1;-1;-1;-1;D:\Sessions Metalia\C Camus\ISO 643_INT_277172_2022-06-07_10-47-02\Images_277172\277172_Champ_1_1_42.tif
1;1;42;3;7778;-10864.4;-12372.054;225.5;497;-1;-1;1;non;0.345;µm;1;H;56.24;4.971;62.08;-1;-1;-1;-1;-1;D:\Sessions Metalia\C Camus\ISO 643_INT_277172_2022-06-07_10-47-02\Images_277172\277172_Champ_1_1_42.tif
1;1;42;4;7778;-10864.4;-12372.054;419.5;497;-1;-1;1;non;0.345;µm;1;H;77.63;4.041;85.70;-1;-1;-1;-1;-1;D:\Sessions Metalia\C Camus\ISO 643_INT_277172_2022-06-07_10-47-02\Images_277172\277172_Champ_1_1_42.tif
1;1;42;5;7778;-10864.4;-12372.054;546;497;-1;-1;1;non;0.345;µm;1;H;9.66;10.054;10.66;-1;-1;-1;-1;-1;D:\Sessions Metalia\C Camus\ISO 643_INT_277172_2022-06-07_10-47-02\Images_277172\277172_Champ_1_1_42.tif
1;1;42;6;7778;-10864.4;-12372.054;602.5;497;-1;-1;1;non;0.345;µm;1;H;29.33;6.850;32.37;-1;-1;-1;-1;-1;D:\Sessions Metalia\C Camus\ISO 643_INT_277172_2022-06-07_10-47-02\Images_277172\277172_Champ_1_1_42.tif
1;1;42;7;7778;-10864.4;-12372.054;686;497;-1;-1;1;non;0.345;µm;1;H;28.29;6.954;31.23;-1;-1;-1;-1;-1;D:\Sessions Metalia\C Camus\ISO 643_INT_277172_2022-06-07_10-47-02\Images_277172\277172_Champ_1_1_42.tif
1;1;42;8;7778;-10864.4;-12372.054;751;497;-1;-1;1;non;0.345;µm;1;H;16.56;8.499;18.28;-1;-1;-1;-1;-1;D:\Sessions Metalia\C Camus\ISO 643_INT_277172_2022-06-07_10-47-02\Images_277172\277172_Champ_1_1_42.tif
1;1;42;9;7778;-10864.4;-12372.054;852;497;-1;-1;1;non;0.345;µm;1;H;53.13;5.135;58.66;-1;-1;-1;-1;-1;D:\Sessions Metalia\C Camus\ISO 643_INT_277172_2022-06-07_10-47-02\Images_277172\277172_Champ_1_1_42.tif
1;1;42;10;7778;-10864.4;-12372.054;976.5;497;-1;-1;0.5;non;0.345;µm;1;H;32.78;4.529;72.37;-1;-1;-1;-1;-1;D:\Sessions Metalia\C Camus\ISO 643_INT_277172_2022-06-07_10-47-02\Images_277172\277172_Champ_1_1_42.tif
1;1;42;11;7778;-10864.4;-12372.054;497;88.5;-1;-1;0.5;non;0.345;µm;1;V;61.76;2.701;136.36;-1;-1;-1;-1;-1;D:\Sessions Metalia\C Camus\ISO 643_INT_277172_2022-06-07_10-47-02\Images_277172\277172_Champ_1_1_42.tif
1;1;42;12;7778;-10864.4;-12372.054;497;190.5;-1;-1;1;non;0.345;µm;1;V;8.63;10.381;9.52;-1;-1;-1;-1;-1;D:\Sessions Metalia\C Camus\ISO 643_INT_277172_2022-06-07_10-47-02\Images_277172\277172_Champ_1_1_42.tif
1;1;42;13;7778;-10864.4;-12372.054;497;226;-1;-1;1;non;0.345;µm;1;V;15.87;8.622;17.52;-1;-1;-1;-1;-1;D:\Sessions Metalia\C Camus\ISO 643_INT_277172_2022-06-07_10-47-02\Images_277172\277172_Champ_1_1_42.tif
1;1;42;14;7778;-10864.4;-12372.054;497;343;-1;-1;1;non;0.345;µm;1;V;64.86;4.560;71.61;-1;-1;-1;-1;-1;D:\Sessions Metalia\C Camus\ISO 643_INT_277172_2022-06-07_10-47-02\Images_277172\277172_Champ_1_1_42.tif
1;1;42;15;7778;-10864.4;-12372.054;497;505;-1;-1;1;non;0.345;µm;1;V;46.92;5.494;51.80;-1;-1;-1;-1;-1;D:\Sessions Metalia\C Camus\ISO 643_INT_277172_2022-06-07_10-47-02\Images_277172\277172_Champ_1_1_42.tif
1;1;42;16;7778;-10864.4;-12372.054;497;582;-1;-1;1;non;0.345;µm;1;V;6.21;11.329;6.86;-1;-1;-1;-1;-1;D:\Sessions Metalia\C Camus\ISO 643_INT_277172_2022-06-07_10-47-02\Images_277172\277172_Champ_1_1_42.tif
1;1;42;17;7778;-10864.4;-12372.054;497;736;-1;-1;1;non;0.345;µm;1;V;100.05;3.309;110.46;-1;-1;-1;-1;-1;D:\Sessions Metalia\C Camus\ISO 643_INT_277172_2022-06-07_10-47-02\Images_277172\277172_Champ_1_1_42.tif
1;1;42;18;7778;-10864.4;-12372.054;497;952.5;-1;-1;0.5;non;0.345;µm;1;V;49.34;3.349;108.93;-1;-1;-1;-1;-1;D:\Sessions Metalia\C Camus\ISO 643_INT_277172_2022-06-07_10-47-02\Images_277172\277172_Champ_1_1_42.tif
1;1;267;1;15550.6;-13337.6;-12348.456;22;497;-1;-1;0.5;non;0.345;µm;1;H;15.87;6.622;35.04;-1;-1;-1;-1;-1;D:\Sessions Metalia\C Camus\ISO 643_INT_277172_2022-06-07_10-47-02\Images_277172\277172_Champ_1_1_267.tif
1;1;267;2;15550.6;-13337.6;-12348.456;78.5;497;-1;-1;1;non;0.345;µm;1;H;23.12;7.537;25.52;-1;-1;-1;-1;-1;D:\Sessions Metalia\C Camus\ISO 643_INT_277172_2022-06-07_10-47-02\Images_277172\277172_Champ_1_1_267.tif
1;1;267;3;15550.6;-13337.6;-12348.456;202.5;497;-1;-1;1;non;0.345;µm;1;H;62.45;4.669;68.94;-1;-1;-1;-1;-1;D:\Sessions Metalia\C Camus\ISO 643_INT_277172_2022-06-07_10-47-02\Images_277172\277172_Champ_1_1_267.tif
1;1;267;4;15550.6;-13337.6;-12348.456;344.5;497;-1;-1;1;non;0.345;µm;1;H;35.54;6.296;39.23;-1;-1;-1;-1;-1;D:\Sessions Metalia\C Camus\ISO 643_INT_277172_2022-06-07_10-47-02\Images_277172\277172_Champ_1_1_267.tif
1;1;267;5;15550.6;-13337.6;-12348.456;400.5;497;-1;-1;1;non;0.345;µm;1;H;3.11;13.329;3.43;-1;-1;-1;-1;-1;D:\Sessions Metalia\C Camus\ISO 643_INT_277172_2022-06-07_10-47-02\Images_277172\277172_Champ_1_1_267.tif
1;1;267;6;15550.6;-13337.6;-12348.456;550;497;-1;-1;1;non;0.345;µm;1;H;100.05;3.309;110.46;-1;-1;-1;-1;-1;D:\Sessions Metalia\C Camus\ISO 643_INT_277172_2022-06-07_10-47-02\Images_277172\277172_Champ_1_1_267.tif
1;1;267;7;15550.6;-13337.6;-12348.456;728;497;-1;-1;1;non;0.345;µm;1;H;22.77;7.580;25.14;-1;-1;-1;-1;-1;D:\Sessions Metalia\C Camus\ISO 643_INT_277172_2022-06-07_10-47-02\Images_277172\277172_Champ_1_1_267.tif
1;1;267;8;15550.6;-13337.6;-12348.456;779.5;497;-1;-1;1;non;0.345;µm;1;H;12.77;9.250;14.09;-1;-1;-1;-1;-1;D:\Sessions Metalia\C Camus\ISO 643_INT_277172_2022-06-07_10-47-02\Images_277172\277172_Champ_1_1_267.tif
1;1;267;9;15550.6;-13337.6;-12348.456;911;497;-1;-1;0.5;non;0.345;µm;1;H;77.97;2.028;172.16;-1;-1;-1;-1;-1;D:\Sessions Metalia\C Camus\ISO 643_INT_277172_2022-06-07_10-47-02\Images_277172\277172_Champ_1_1_267.tif
1;1;267;10;15550.6;-13337.6;-12348.456;497;46;-1;-1;0.5;non;0.345;µm;1;V;32.43;4.560;71.61;-1;-1;-1;-1;-1;D:\Sessions Metalia\C Camus\ISO 643_INT_277172_2022-06-07_10-47-02\Images_277172\277172_Champ_1_1_267.tif
1;1;267;11;15550.6;-13337.6;-12348.456;497;232;-1;-1;1;non;0.345;µm;1;V;95.91;3.431;105.88;-1;-1;-1;-1;-1;D:\Sessions Metalia\C Camus\ISO 643_INT_277172_2022-06-07_10-47-02\Images_277172\277172_Champ_1_1_267.tif
1;1;267;12;15550.6;-13337.6;-12348.456;497;385;-1;-1;1;non;0.345;µm;1;V;9.66;10.054;10.66;-1;-1;-1;-1;-1;D:\Sessions Metalia\C Camus\ISO 643_INT_277172_2022-06-07_10-47-02\Images_277172\277172_Champ_1_1_267.tif
1;1;267;13;15550.6;-13337.6;-12348.456;497;415;-1;-1;1;non;0.345;µm;1;V;11.04;9.669;12.19;-1;-1;-1;-1;-1;D:\Sessions Metalia\C Camus\ISO 643_INT_277172_2022-06-07_10-47-02\Images_277172\277172_Champ_1_1_267.tif
1;1;267;14;15550.6;-13337.6;-12348.456;497;479;-1;-1;1;non;0.345;µm;1;V;33.12;6.499;36.56;-1;-1;-1;-1;-1;D:\Sessions Metalia\C Camus\ISO 643_INT_277172_2022-06-07_10-47-02\Images_277172\277172_Champ_1_1_267.tif
1;1;267;15;15550.6;-13337.6;-12348.456;497;549.5;-1;-1;1;non;0.345;µm;1;V;15.53;8.685;17.14;-1;-1;-1;-1;-1;D:\Sessions Metalia\C Camus\ISO 643_INT_277172_2022-06-07_10-47-02\Images_277172\277172_Champ_1_1_267.tif
1;1;267;16;15550.6;-13337.6;-12348.456;497;631.5;-1;-1;1;non;0.345;µm;1;V;41.06;5.879;45.32;-1;-1;-1;-1;-1;D:\Sessions Metalia\C Camus\ISO 643_INT_277172_2022-06-07_10-47-02\Images_277172\277172_Champ_1_1_267.tif
1;1;267;17;15550.6;-13337.6;-12348.456;497;720;-1;-1;1;non;0.345;µm;1;V;20.01;7.953;22.09;-1;-1;-1;-1;-1;D:\Sessions Metalia\C Camus\ISO 643_INT_277172_2022-06-07_10-47-02\Images_277172\277172_Champ_1_1_267.tif
1;1;267;18;15550.6;-13337.6;-12348.456;497;782.5;-1;-1;1;non;0.345;µm;1;V;23.12;7.537;25.52;-1;-1;-1;-1;-1;D:\Sessions Metalia\C Camus\ISO 643_INT_277172_2022-06-07_10-47-02\Images_277172\277172_Champ_1_1_267.tif
1;1;267;19;15550.6;-13337.6;-12348.456;497;918.5;-1;-1;1;non;0.345;µm;1;V;70.73;4.310;78.08;-1;-1;-1;-1;-1;D:\Sessions Metalia\C Camus\ISO 643_INT_277172_2022-06-07_10-47-02\Images_277172\277172_Champ_1_1_267.tif
1;1;267;20;15550.6;-13337.6;-12348.456;497;1022.5;-1;-1;0.5;non;0.345;µm;1;V;1.04;14.499;2.29;-1;-1;-1;-1;-1;D:\Sessions Metalia\C Camus\ISO 643_INT_277172_2022-06-07_10-47-02\Images_277172\277172_Champ_1_1_267.tif
1;1;72;1;14490.4;-11217.4;-12375.122;17.5;497;-1;-1;0.5;non;0.345;µm;1;H;12.77;7.250;28.19;-1;-1;-1;-1;-1;D:\Sessions Metalia\C Camus\ISO 643_INT_277172_2022-06-07_10-47-02\Images_277172\277172_Champ_1_1_72.tif
1;1;72;2;14490.4;-11217.4;-12375.122;48.5;497;-1;-1;1;non;0.345;µm;1;H;8.63;10.381;9.52;-1;-1;-1;-1;-1;D:\Sessions Metalia\C Camus\ISO 643_INT_277172_2022-06-07_10-47-02\Images_277172\277172_Champ_1_1_72.tif
1;1;72;3;14490.4;-11217.4;-12375.122;109;497;-1;-1;1;non;0.345;µm;1;H;33.12;6.499;36.56;-1;-1;-1;-1;-1;D:\Sessions Metalia\C Camus\ISO 643_INT_277172_2022-06-07_10-47-02\Images_277172\277172_Champ_1_1_72.tif
1;1;72;4;14490.4;-11217.4;-12375.122;203.5;497;-1;-1;1;non;0.345;µm;1;H;32.09;6.590;35.42;-1;-1;-1;-1;-1;D:\Sessions Metalia\C Camus\ISO 643_INT_277172_2022-06-07_10-47-02\Images_277172\277172_Champ_1_1_72.tif
1;1;72;5;14490.4;-11217.4;-12375.122;343;497;-1;-1;1;non;0.345;µm;1;H;64.17;4.590;70.84;-1;-1;-1;-1;-1;D:\Sessions Metalia\C Camus\ISO 643_INT_277172_2022-06-07_10-47-02\Images_277172\277172_Champ_1_1_72.tif
1;1;72;6;14490.4;-11217.4;-12375.122;492.5;497;-1;-1;1;non;0.345;µm;1;H;38.99;6.028;43.04;-1;-1;-1;-1;-1;D:\Sessions Metalia\C Camus\ISO 643_INT_277172_2022-06-07_10-47-02\Images_277172\277172_Champ_1_1_72.tif
1;1;72;7;14490.4;-11217.4;-12375.122;590.5;497;-1;-1;1;non;0.345;µm;1;H;28.64;6.919;31.61;-1;-1;-1;-1;-1;D:\Sessions Metalia\C Camus\ISO 643_INT_277172_2022-06-07_10-47-02\Images_277172\277172_Champ_1_1_72.tif
1;1;72;8;14490.4;-11217.4;-12375.122;652;497;-1;-1;1;non;0.345;µm;1;H;13.80;9.025;15.24;-1;-1;-1;-1;-1;D:\Sessions Metalia\C Camus\ISO 643_INT_277172_2022-06-07_10-47-02\Images_277172\277172_Champ_1_1_72.tif
1;1;72;9;14490.4;-11217.4;-12375.122;764;497;-1;-1;1;non;0.345;µm;1;H;63.48;4.622;70.08;-1;-1;-1;-1;-1;D:\Sessions Metalia\C Camus\ISO 643_INT_277172_2022-06-07_10-47-02\Images_277172\277172_Champ_1_1_72.tif
1;1;72;10;14490.4;-11217.4;-12375.122;887.5;497;-1;-1;1;non;0.345;µm;1;H;21.74;7.714;24.00;-1;-1;-1;-1;-1;D:\Sessions Metalia\C Camus\ISO 643_INT_277172_2022-06-07_10-47-02\Images_277172\277172_Champ_1_1_72.tif
1;1;72;11;14490.4;-11217.4;-12375.122;957;497;-1;-1;1;non;0.345;µm;1;H;26.22;7.173;28.95;-1;-1;-1;-1;-1;D:\Sessions Metalia\C Camus\ISO 643_INT_277172_2022-06-07_10-47-02\Images_277172\277172_Champ_1_1_72.tif
1;1;72;12;14490.4;-11217.4;-12375.122;1001.5;497;-1;-1;1;non;0.345;µm;1;H;4.49;12.268;4.95;-1;-1;-1;-1;-1;D:\Sessions Metalia\C Camus\ISO 643_INT_277172_2022-06-07_10-47-02\Images_277172\277172_Champ_1_1_72.tif
1;1;72;13;14490.4;-11217.4;-12375.122;1016;497;-1;-1;0.5;non;0.345;µm;1;H;5.52;9.669;12.19;-1;-1;-1;-1;-1;D:\Sessions Metalia\C Camus\ISO 643_INT_277172_2022-06-07_10-47-02\Images_277172\277172_Champ_1_1_72.tif
1;1;72;14;14490.4;-11217.4;-12375.122;497;65.5;-1;-1;0.5;non;0.345;µm;1;V;45.89;3.558;101.31;-1;-1;-1;-1;-1;D:\Sessions Metalia\C Camus\ISO 643_INT_277172_2022-06-07_10-47-02\Images_277172\277172_Champ_1_1_72.tif
1;1;72;15;14490.4;-11217.4;-12375.122;497;173.5;-1;-1;1;non;0.345;µm;1;V;28.64;6.919;31.61;-1;-1;-1;-1;-1;D:\Sessions Metalia\C Camus\ISO 643_INT_277172_2022-06-07_10-47-02\Images_277172\277172_Champ_1_1_72.tif
1;1;72;16;14490.4;-11217.4;-12375.122;497;228.5;-1;-1;1;non;0.345;µm;1;V;9.32;10.159;10.28;-1;-1;-1;-1;-1;D:\Sessions Metalia\C Camus\ISO 643_INT_277172_2022-06-07_10-47-02\Images_277172\277172_Champ_1_1_72.tif
1;1;72;17;14490.4;-11217.4;-12375.122;497;265;-1;-1;1;non;0.345;µm;1;V;15.87;8.622;17.52;-1;-1;-1;-1;-1;D:\Sessions Metalia\C Camus\ISO 643_INT_277172_2022-06-07_10-47-02\Images_277172\277172_Champ_1_1_72.tif
1;1;72;18;14490.4;-11217.4;-12375.122;497;389.5;-1;-1;1;non;0.345;µm;1;V;70.04;4.338;77.32;-1;-1;-1;-1;-1;D:\Sessions Metalia\C Camus\ISO 643_INT_277172_2022-06-07_10-47-02\Images_277172\277172_Champ_1_1_72.tif
1;1;72;19;14490.4;-11217.4;-12375.122;497;531.5;-1;-1;1;non;0.345;µm;1;V;27.95;6.989;30.85;-1;-1;-1;-1;-1;D:\Sessions Metalia\C Camus\ISO 643_INT_277172_2022-06-07_10-47-02\Images_277172\277172_Champ_1_1_72.tif
1;1;72;20;14490.4;-11217.4;-12375.122;497;594;-1;-1;1;non;0.345;µm;1;V;15.18;8.750;16.76;-1;-1;-1;-1;-1;D:\Sessions Metalia\C Camus\ISO 643_INT_277172_2022-06-07_10-47-02\Images_277172\277172_Champ_1_1_72.tif
1;1;72;21;14490.4;-11217.4;-12375.122;497;644.5;-1;-1;1;non;0.345;µm;1;V;19.67;8.003;21.71;-1;-1;-1;-1;-1;D:\Sessions Metalia\C Camus\ISO 643_INT_277172_2022-06-07_10-47-02\Images_277172\277172_Champ_1_1_72.tif
1;1;72;22;14490.4;-11217.4;-12375.122;497;712.5;-1;-1;1;non;0.345;µm;1;V;27.26;7.061;30.09;-1;-1;-1;-1;-1;D:\Sessions Metalia\C Camus\ISO 643_INT_277172_2022-06-07_10-47-02\Images_277172\277172_Champ_1_1_72.tif
1;1;72;23;14490.4;-11217.4;-12375.122;497;779.5;-1;-1;1;non;0.345;µm;1;V;18.98;8.106;20.95;-1;-1;-1;-1;-1;D:\Sessions Metalia\C Camus\ISO 643_INT_277172_2022-06-07_10-47-02\Images_277172\277172_Champ_1_1_72.tif
1;1;72;24;14490.4;-11217.4;-12375.122;497;849.5;-1;-1;1;non;0.345;µm;1;V;29.33;6.850;32.37;-1;-1;-1;-1;-1;D:\Sessions Metalia\C Camus\ISO 643_INT_277172_2022-06-07_10-47-02\Images_277172\277172_Champ_1_1_72.tif
1;1;72;25;14490.4;-11217.4;-12375.122;497;936;-1;-1;1;non;0.345;µm;1;V;30.36;6.750;33.52;-1;-1;-1;-1;-1;D:\Sessions Metalia\C Camus\ISO 643_INT_277172_2022-06-07_10-47-02\Images_277172\277172_Champ_1_1_72.tif
1;1;72;26;14490.4;-11217.4;-12375.122;497;1002;-1;-1;0.5;non;0.345;µm;1;V;15.18;6.750;33.52;-1;-1;-1;-1;-1;D:\Sessions Metalia\C Camus\ISO 643_INT_277172_2022-06-07_10-47-02\Images_277172\277172_Champ_1_1_72.tif
1;1;426;1;6011.8;-14750.4;-12318.948;13;497;-1;-1;0.5;non;0.345;µm;1;H;9.66;8.054;21.33;-1;-1;-1;-1;-1;D:\Sessions Metalia\C Camus\ISO 643_INT_277172_2022-06-07_10-47-02\Images_277172\277172_Champ_1_1_426.tif
1;1;426;2;6011.8;-14750.4;-12318.948;48.5;497;-1;-1;1;non;0.345;µm;1;H;14.84;8.816;16.38;-1;-1;-1;-1;-1;D:\Sessions Metalia\C Camus\ISO 643_INT_277172_2022-06-07_10-47-02\Images_277172\277172_Champ_1_1_426.tif
1;1;426;3;6011.8;-14750.4;-12318.948;181.5;497;-1;-1;1;non;0.345;µm;1;H;76.94;4.067;84.94;-1;-1;-1;-1;-1;D:\Sessions Metalia\C Camus\ISO 643_INT_277172_2022-06-07_10-47-02\Images_277172\277172_Champ_1_1_426.tif
1;1;426;4;6011.8;-14750.4;-12318.948;399;497;-1;-1;1;non;0.345;µm;1;H;73.14;4.213;80.75;-1;-1;-1;-1;-1;D:\Sessions Metalia\C Camus\ISO 643_INT_277172_2022-06-07_10-47-02\Images_277172\277172_Champ_1_1_426.tif
1;1;426;5;6011.8;-14750.4;-12318.948;630.5;497;-1;-1;1;non;0.345;µm;1;H;86.60;3.726;95.60;-1;-1;-1;-1;-1;D:\Sessions Metalia\C Camus\ISO 643_INT_277172_2022-06-07_10-47-02\Images_277172\277172_Champ_1_1_426.tif
1;1;426;6;6011.8;-14750.4;-12318.948;775;497;-1;-1;1;non;0.345;µm;1;H;13.11;9.173;14.47;-1;-1;-1;-1;-1;D:\Sessions Metalia\C Camus\ISO 643_INT_277172_2022-06-07_10-47-02\Images_277172\277172_Champ_1_1_426.tif
1;1;426;7;6011.8;-14750.4;-12318.948;817;497;-1;-1;1;non;0.345;µm;1;H;15.87;8.622;17.52;-1;-1;-1;-1;-1;D:\Sessions Metalia\C Camus\ISO 643_INT_277172_2022-06-07_10-47-02\Images_277172\277172_Champ_1_1_426.tif
1;1;426;8;6011.8;-14750.4;-12318.948;860;497;-1;-1;1;non;0.345;µm;1;H;13.80;9.025;15.24;-1;-1;-1;-1;-1;D:\Sessions Metalia\C Camus\ISO 643_INT_277172_2022-06-07_10-47-02\Images_277172\277172_Champ_1_1_426.tif
1;1;426;9;6011.8;-14750.4;-12318.948;887;497;-1;-1;1;non;0.345;µm;1;H;4.83;12.054;5.33;-1;-1;-1;-1;-1;D:\Sessions Metalia\C Camus\ISO 643_INT_277172_2022-06-07_10-47-02\Images_277172\277172_Champ_1_1_426.tif
1;1;426;10;6011.8;-14750.4;-12318.948;959;497;-1;-1;0.5;non;0.345;µm;1;H;44.85;3.624;99.03;-1;-1;-1;-1;-1;D:\Sessions Metalia\C Camus\ISO 643_INT_277172_2022-06-07_10-47-02\Images_277172\277172_Champ_1_1_426.tif
1;1;426;11;6011.8;-14750.4;-12318.948;497;50.5;-1;-1;0.5;non;0.345;µm;1;V;35.54;4.296;78.46;-1;-1;-1;-1;-1;D:\Sessions Metalia\C Camus\ISO 643_INT_277172_2022-06-07_10-47-02\Images_277172\277172_Champ_1_1_426.tif
1;1;426;12;6011.8;-14750.4;-12318.948;497;128;-1;-1;1;non;0.345;µm;1;V;17.94;8.268;19.81;-1;-1;-1;-1;-1;D:\Sessions Metalia\C Camus\ISO 643_INT_277172_2022-06-07_10-47-02\Images_277172\277172_Champ_1_1_426.tif
1;1;426;13;6011.8;-14750.4;-12318.948;497;211;-1;-1;1;non;0.345;µm;1;V;39.33;6.003;43.42;-1;-1;-1;-1;-1;D:\Sessions Metalia\C Camus\ISO 643_INT_277172_2022-06-07_10-47-02\Images_277172\277172_Champ_1_1_426.tif
1;1;426;14;6011.8;-14750.4;-12318.948;497;360.5;-1;-1;1;non;0.345;µm;1;V;63.83;4.606;70.46;-1;-1;-1;-1;-1;D:\Sessions Metalia\C Camus\ISO 643_INT_277172_2022-06-07_10-47-02\Images_277172\277172_Champ_1_1_426.tif
1;1;426;15;6011.8;-14750.4;-12318.948;497;479.5;-1;-1;1;non;0.345;µm;1;V;18.29;8.213;20.19;-1;-1;-1;-1;-1;D:\Sessions Metalia\C Camus\ISO 643_INT_277172_2022-06-07_10-47-02\Images_277172\277172_Champ_1_1_426.tif
1;1;426;16;6011.8;-14750.4;-12318.948;497;512.5;-1;-1;1;non;0.345;µm;1;V;4.49;12.268;4.95;-1;-1;-1;-1;-1;D:\Sessions Metalia\C Camus\ISO 643_INT_277172_2022-06-07_10-47-02\Images_277172\277172_Champ_1_1_426.tif
1;1;426;17;6011.8;-14750.4;-12318.948;497;549.5;-1;-1;1;non;0.345;µm;1;V;21.05;7.807;23.23;-1;-1;-1;-1;-1;D:\Sessions Metalia\C Camus\ISO 643_INT_277172_2022-06-07_10-47-02\Images_277172\277172_Champ_1_1_426.tif
1;1;426;18;6011.8;-14750.4;-12318.948;497;597.5;-1;-1;1;non;0.345;µm;1;V;12.08;9.410;13.33;-1;-1;-1;-1;-1;D:\Sessions Metalia\C Camus\ISO 643_INT_277172_2022-06-07_10-47-02\Images_277172\277172_Champ_1_1_426.tif
1;1;426;19;6011.8;-14750.4;-12318.948;497;624.5;-1;-1;1;non;0.345;µm;1;V;6.56;11.173;7.24;-1;-1;-1;-1;-1;D:\Sessions Metalia\C Camus\ISO 643_INT_277172_2022-06-07_10-47-02\Images_277172\277172_Champ_1_1_426.tif
1;1;426;20;6011.8;-14750.4;-12318.948;497;655;-1;-1;1;non;0.345;µm;1;V;14.49;8.884;16.00;-1;-1;-1;-1;-1;D:\Sessions Metalia\C Camus\ISO 643_INT_277172_2022-06-07_10-47-02\Images_277172\277172_Champ_1_1_426.tif
1;1;426;21;6011.8;-14750.4;-12318.948;497;710.5;-1;-1;1;non;0.345;µm;1;V;23.81;7.452;26.28;-1;-1;-1;-1;-1;D:\Sessions Metalia\C Camus\ISO 643_INT_277172_2022-06-07_10-47-02\Images_277172\277172_Champ_1_1_426.tif
1;1;426;22;6011.8;-14750.4;-12318.948;497;754.5;-1;-1;1;non;0.345;µm;1;V;6.56;11.173;7.24;-1;-1;-1;-1;-1;D:\Sessions Metalia\C Camus\ISO 643_INT_277172_2022-06-07_10-47-02\Images_277172\277172_Champ_1_1_426.tif
1;1;426;23;6011.8;-14750.4;-12318.948;497;817.5;-1;-1;1;non;0.345;µm;1;V;36.92;6.186;40.75;-1;-1;-1;-1;-1;D:\Sessions Metalia\C Camus\ISO 643_INT_277172_2022-06-07_10-47-02\Images_277172\277172_Champ_1_1_426.tif
1;1;426;24;6011.8;-14750.4;-12318.948;497;921.5;-1;-1;1;non;0.345;µm;1;V;34.85;6.352;38.47;-1;-1;-1;-1;-1;D:\Sessions Metalia\C Camus\ISO 643_INT_277172_2022-06-07_10-47-02\Images_277172\277172_Champ_1_1_426.tif
1;1;426;25;6011.8;-14750.4;-12318.948;497;998;-1;-1;0.5;non;0.345;µm;1;V;17.94;6.268;39.61;-1;-1;-1;-1;-1;D:\Sessions Metalia\C Camus\ISO 643_INT_277172_2022-06-07_10-47-02\Images_277172\277172_Champ_1_1_426.tif
1;1;395;1;15904.2;-14397.6;-12334.92;60;497;-1;-1;0.5;non;0.345;µm;1;H;42.09;3.807;92.93;-1;-1;-1;-1;-1;D:\Sessions Metalia\C Camus\ISO 643_INT_277172_2022-06-07_10-47-02\Images_277172\277172_Champ_1_1_395.tif
1;1;395;2;15904.2;-14397.6;-12334.92;153.5;497;-1;-1;1;non;0.345;µm;1;H;22.43;7.624;24.76;-1;-1;-1;-1;-1;D:\Sessions Metalia\C Camus\ISO 643_INT_277172_2022-06-07_10-47-02\Images_277172\277172_Champ_1_1_395.tif
1;1;395;3;15904.2;-14397.6;-12334.92;235;497;-1;-1;1;non;0.345;µm;1;H;33.81;6.439;37.33;-1;-1;-1;-1;-1;D:\Sessions Metalia\C Camus\ISO 643_INT_277172_2022-06-07_10-47-02\Images_277172\277172_Champ_1_1_395.tif
1;1;395;4;15904.2;-14397.6;-12334.92;308;497;-1;-1;1;non;0.345;µm;1;H;16.56;8.499;18.28;-1;-1;-1;-1;-1;D:\Sessions Metalia\C Camus\ISO 643_INT_277172_2022-06-07_10-47-02\Images_277172\277172_Champ_1_1_395.tif
1;1;395;5;15904.2;-14397.6;-12334.92;385.5;497;-1;-1;1;non;0.345;µm;1;H;36.92;6.186;40.75;-1;-1;-1;-1;-1;D:\Sessions Metalia\C Camus\ISO 643_INT_277172_2022-06-07_10-47-02\Images_277172\277172_Champ_1_1_395.tif
1;1;395;6;15904.2;-14397.6;-12334.92;505.5;497;-1;-1;1;non;0.345;µm;1;H;45.89;5.558;50.66;-1;-1;-1;-1;-1;D:\Sessions Metalia\C Camus\ISO 643_INT_277172_2022-06-07_10-47-02\Images_277172\277172_Champ_1_1_395.tif
1;1;395;7;15904.2;-14397.6;-12334.92;634.5;497;-1;-1;1;non;0.345;µm;1;H;43.13;5.737;47.61;-1;-1;-1;-1;-1;D:\Sessions Metalia\C Camus\ISO 643_INT_277172_2022-06-07_10-47-02\Images_277172\277172_Champ_1_1_395.tif
1;1;395;8;15904.2;-14397.6;-12334.92;756;497;-1;-1;1;non;0.345;µm;1;H;40.71;5.904;44.94;-1;-1;-1;-1;-1;D:\Sessions Metalia\C Camus\ISO 643_INT_277172_2022-06-07_10-47-02\Images_277172\277172_Champ_1_1_395.tif
1;1;395;9;15904.2;-14397.6;-12334.92;835;497;-1;-1;1;non;0.345;µm;1;H;13.80;9.025;15.24;-1;-1;-1;-1;-1;D:\Sessions Metalia\C Camus\ISO 643_INT_277172_2022-06-07_10-47-02\Images_277172\277172_Champ_1_1_395.tif
1;1;395;10;15904.2;-14397.6;-12334.92;885.5;497;-1;-1;1;non;0.345;µm;1;H;21.05;7.807;23.23;-1;-1;-1;-1;-1;D:\Sessions Metalia\C Camus\ISO 643_INT_277172_2022-06-07_10-47-02\Images_277172\277172_Champ_1_1_395.tif
1;1;395;11;15904.2;-14397.6;-12334.92;970;497;-1;-1;0.5;non;0.345;µm;1;H;37.26;4.159;82.27;-1;-1;-1;-1;-1;D:\Sessions Metalia\C Camus\ISO 643_INT_277172_2022-06-07_10-47-02\Images_277172\277172_Champ_1_1_395.tif
1;1;395;12;15904.2;-14397.6;-12334.92;497;56.5;-1;-1;0.5;non;0.345;µm;1;V;39.68;3.978;87.60;-1;-1;-1;-1;-1;D:\Sessions Metalia\C Camus\ISO 643_INT_277172_2022-06-07_10-47-02\Images_277172\277172_Champ_1_1_395.tif
1;1;395;13;15904.2;-14397.6;-12334.92;497;153.5;-1;-1;1;non;0.345;µm;1;V;27.26;7.061;30.09;-1;-1;-1;-1;-1;D:\Sessions Metalia\C Camus\ISO 643_INT_277172_2022-06-07_10-47-02\Images_277172\277172_Champ_1_1_395.tif
1;1;395;14;15904.2;-14397.6;-12334.92;497;258;-1;-1;1;non;0.345;µm;1;V;44.85;5.624;49.51;-1;-1;-1;-1;-1;D:\Sessions Metalia\C Camus\ISO 643_INT_277172_2022-06-07_10-47-02\Images_277172\277172_Champ_1_1_395.tif
1;1;395;15;15904.2;-14397.6;-12334.92;497;394;-1;-1;1;non;0.345;µm;1;V;48.99;5.369;54.08;-1;-1;-1;-1;-1;D:\Sessions Metalia\C Camus\ISO 643_INT_277172_2022-06-07_10-47-02\Images_277172\277172_Champ_1_1_395.tif
1;1;395;16;15904.2;-14397.6;-12334.92;497;593;-1;-1;1;non;0.345;µm;1;V;88.32;3.669;97.51;-1;-1;-1;-1;-1;D:\Sessions Metalia\C Camus\ISO 643_INT_277172_2022-06-07_10-47-02\Images_277172\277172_Champ_1_1_395.tif
1;1;395;17;15904.2;-14397.6;-12334.92;497;834;-1;-1;1;non;0.345;µm;1;V;77.97;4.028;86.08;-1;-1;-1;-1;-1;D:\Sessions Metalia\C Camus\ISO 643_INT_277172_2022-06-07_10-47-02\Images_277172\277172_Champ_1_1_395.tif
1;1;395;18;15904.2;-14397.6;-12334.92;497;985.5;-1;-1;0.5;non;0.345;µm;1;V;26.57;5.135;58.66;-1;-1;-1;-1;-1;D:\Sessions Metalia\C Camus\ISO 643_INT_277172_2022-06-07_10-47-02\Images_277172\277172_Champ_1_1_395.tif
1;1;337;1;14137.4;-14044.6;-12336.715;20;497;-1;-1;0.5;non;0.345;µm;1;H;14.49;6.884;31.99;-1;-1;-1;-1;-1;D:\Sessions Metalia\C Camus\ISO 643_INT_277172_2022-06-07_10-47-02\Images_277172\277172_Champ_1_1_337.tif
1;1;337;2;14137.4;-14044.6;-12336.715;58.5;497;-1;-1;1;non;0.345;µm;1;H;12.08;9.410;13.33;-1;-1;-1;-1;-1;D:\Sessions Metalia\C Camus\ISO 643_INT_277172_2022-06-07_10-47-02\Images_277172\277172_Champ_1_1_337.tif
1;1;337;3;14137.4;-14044.6;-12336.715;146.5;497;-1;-1;1;non;0.345;µm;1;H;48.65;5.390;53.70;-1;-1;-1;-1;-1;D:\Sessions Metalia\C Camus\ISO 643_INT_277172_2022-06-07_10-47-02\Images_277172\277172_Champ_1_1_337.tif
1;1;337;4;14137.4;-14044.6;-12336.715;298;497;-1;-1;1;non;0.345;µm;1;H;55.89;4.989;61.70;-1;-1;-1;-1;-1;D:\Sessions Metalia\C Camus\ISO 643_INT_277172_2022-06-07_10-47-02\Images_277172\277172_Champ_1_1_337.tif
1;1;337;5;14137.4;-14044.6;-12336.715;391;497;-1;-1;1;non;0.345;µm;1;H;8.28;10.499;9.14;-1;-1;-1;-1;-1;D:\Sessions Metalia\C Camus\ISO 643_INT_277172_2022-06-07_10-47-02\Images_277172\277172_Champ_1_1_337.tif
1;1;337;6;14137.4;-14044.6;-12336.715;427.5;497;-1;-1;1;non;0.345;µm;1;H;16.91;8.439;18.66;-1;-1;-1;-1;-1;D:\Sessions Metalia\C Camus\ISO 643_INT_277172_2022-06-07_10-47-02\Images_277172\277172_Champ_1_1_337.tif
1;1;337;7;14137.4;-14044.6;-12336.715;458.5;497;-1;-1;1;non;0.345;µm;1;H;4.49;12.268;4.95;-1;-1;-1;-1;-1;D:\Sessions Metalia\C Camus\ISO 643_INT_277172_2022-06-07_10-47-02\Images_277172\277172_Champ_1_1_337.tif
1;1;337;8;14137.4;-14044.6;-12336.715;511;497;-1;-1;1;non;0.345;µm;1;H;31.74;6.622;35.04;-1;-1;-1;-1;-1;D:\Sessions Metalia\C Camus\ISO 643_INT_277172_2022-06-07_10-47-02\Images_277172\277172_Champ_1_1_337.tif
1;1;337;9;14137.4;-14044.6;-12336.715;790.5;497;-1;-1;0.5;non;0.345;µm;1;H;161.12;-0.066;355.74;-1;-1;-1;-1;-1;D:\Sessions Metalia\C Camus\ISO 643_INT_277172_2022-06-07_10-47-02\Images_277172\277172_Champ_1_1_337.tif
1;1;337;10;14137.4;-14044.6;-12336.715;497;203.5;-1;-1;0.5;non;0.345;µm;1;V;141.11;0.317;311.56;-1;-1;-1;-1;-1;D:\Sessions Metalia\C Camus\ISO 643_INT_277172_2022-06-07_10-47-02\Images_277172\277172_Champ_1_1_337.tif
1;1;337;11;14137.4;-14044.6;-12336.715;497;429;-1;-1;1;non;0.345;µm;1;V;14.49;8.884;16.00;-1;-1;-1;-1;-1;D:\Sessions Metalia\C Camus\ISO 643_INT_277172_2022-06-07_10-47-02\Images_277172\277172_Champ_1_1_337.tif
1;1;337;12;14137.4;-14044.6;-12336.715;497;601.5;-1;-1;1;non;0.345;µm;1;V;104.54;3.182;115.41;-1;-1;-1;-1;-1;D:\Sessions Metalia\C Camus\ISO 643_INT_277172_2022-06-07_10-47-02\Images_277172\277172_Champ_1_1_337.tif
1;1;337;13;14137.4;-14044.6;-12336.715;497;799;-1;-1;1;non;0.345;µm;1;V;31.74;6.622;35.04;-1;-1;-1;-1;-1;D:\Sessions Metalia\C Camus\ISO 643_INT_277172_2022-06-07_10-47-02\Images_277172\277172_Champ_1_1_337.tif
1;1;337;14;14137.4;-14044.6;-12336.715;497;934.5;-1;-1;0.5;non;0.345;µm;1;V;61.76;2.701;136.36;-1;-1;-1;-1;-1;D:\Sessions Metalia\C Camus\ISO 643_INT_277172_2022-06-07_10-47-02\Images_277172\277172_Champ_1_1_337.tif
1;1;64;1;15551;-10864.4;-12380.982;71.5;497;-1;-1;0.5;non;0.345;µm;1;H;50.03;3.309;110.46;-1;-1;-1;-1;-1;D:\Sessions Metalia\C Camus\ISO 643_INT_277172_2022-06-07_10-47-02\Images_277172\277172_Champ_1_1_64.tif
1;1;64;2;15551;-10864.4;-12380.982;193.5;497;-1;-1;1;non;0.345;µm;1;H;34.16;6.410;37.71;-1;-1;-1;-1;-1;D:\Sessions Metalia\C Camus\ISO 643_INT_277172_2022-06-07_10-47-02\Images_277172\277172_Champ_1_1_64.tif
1;1;64;3;15551;-10864.4;-12380.982;306.5;497;-1;-1;1;non;0.345;µm;1;H;43.82;5.691;48.37;-1;-1;-1;-1;-1;D:\Sessions Metalia\C Camus\ISO 643_INT_277172_2022-06-07_10-47-02\Images_277172\277172_Champ_1_1_64.tif
1;1;64;4;15551;-10864.4;-12380.982;403.5;497;-1;-1;1;non;0.345;µm;1;H;23.12;7.537;25.52;-1;-1;-1;-1;-1;D:\Sessions Metalia\C Camus\ISO 643_INT_277172_2022-06-07_10-47-02\Images_277172\277172_Champ_1_1_64.tif
1;1;64;5;15551;-10864.4;-12380.982;562.5;497;-1;-1;1;non;0.345;µm;1;H;86.60;3.726;95.60;-1;-1;-1;-1;-1;D:\Sessions Metalia\C Camus\ISO 643_INT_277172_2022-06-07_10-47-02\Images_277172\277172_Champ_1_1_64.tif
1;1;64;6;15551;-10864.4;-12380.982;694;497;-1;-1;1;non;0.345;µm;1;H;4.14;12.499;4.57;-1;-1;-1;-1;-1;D:\Sessions Metalia\C Camus\ISO 643_INT_277172_2022-06-07_10-47-02\Images_277172\277172_Champ_1_1_64.tif
1;1;64;7;15551;-10864.4;-12380.982;706.5;497;-1;-1;1;non;0.345;µm;1;H;4.49;12.268;4.95;-1;-1;-1;-1;-1;D:\Sessions Metalia\C Camus\ISO 643_INT_277172_2022-06-07_10-47-02\Images_277172\277172_Champ_1_1_64.tif
1;1;64;8;15551;-10864.4;-12380.982;758;497;-1;-1;1;non;0.345;µm;1;H;31.05;6.685;34.28;-1;-1;-1;-1;-1;D:\Sessions Metalia\C Camus\ISO 643_INT_277172_2022-06-07_10-47-02\Images_277172\277172_Champ_1_1_64.tif
1;1;64;9;15551;-10864.4;-12380.982;862.5;497;-1;-1;1;non;0.345;µm;1;H;41.06;5.879;45.32;-1;-1;-1;-1;-1;D:\Sessions Metalia\C Camus\ISO 643_INT_277172_2022-06-07_10-47-02\Images_277172\277172_Champ_1_1_64.tif
1;1;64;10;15551;-10864.4;-12380.982;973;497;-1;-1;0.5;non;0.345;µm;1;H;35.19;4.324;77.70;-1;-1;-1;-1;-1;D:\Sessions Metalia\C Camus\ISO 643_INT_277172_2022-06-07_10-47-02\Images_277172\277172_Champ_1_1_64.tif
1;1;64;11;15551;-10864.4;-12380.982;497;49.5;-1;-1;0.5;non;0.345;µm;1;V;34.85;4.352;76.94;-1;-1;-1;-1;-1;D:\Sessions Metalia\C Camus\ISO 643_INT_277172_2022-06-07_10-47-02\Images_277172\277172_Champ_1_1_64.tif
1;1;64;12;15551;-10864.4;-12380.982;497;117.5;-1;-1;1;non;0.345;µm;1;V;12.08;9.410;13.33;-1;-1;-1;-1;-1;D:\Sessions Metalia\C Camus\ISO 643_INT_277172_2022-06-07_10-47-02\Images_277172\277172_Champ_1_1_64.tif
1;1;64;13;15551;-10864.4;-12380.982;497;146.5;-1;-1;1;non;0.345;µm;1;V;7.94;10.622;8.76;-1;-1;-1;-1;-1;D:\Sessions Metalia\C Camus\ISO 643_INT_277172_2022-06-07_10-47-02\Images_277172\277172_Champ_1_1_64.tif
1;1;64;14;15551;-10864.4;-12380.982;497;192.5;-1;-1;1;non;0.345;µm;1;V;23.81;7.452;26.28;-1;-1;-1;-1;-1;D:\Sessions Metalia\C Camus\ISO 643_INT_277172_2022-06-07_10-47-02\Images_277172\277172_Champ_1_1_64.tif
1;1;64;15;15551;-10864.4;-12380.982;497;454.5;-1;-1;1;non;0.345;µm;1;V;156.98;2.009;173.30;-1;-1;-1;-1;-1;D:\Sessions Metalia\C Camus\ISO 643_INT_277172_2022-06-07_10-47-02\Images_277172\277172_Champ_1_1_64.tif
1;1;64;16;15551;-10864.4;-12380.982;497;788.5;-1;-1;1;non;0.345;µm;1;V;73.49;4.199;81.13;-1;-1;-1;-1;-1;D:\Sessions Metalia\C Camus\ISO 643_INT_277172_2022-06-07_10-47-02\Images_277172\277172_Champ_1_1_64.tif
1;1;64;17;15551;-10864.4;-12380.982;497;899;-1;-1;1;non;0.345;µm;1;V;2.76;13.669;3.05;-1;-1;-1;-1;-1;D:\Sessions Metalia\C Camus\ISO 643_INT_277172_2022-06-07_10-47-02\Images_277172\277172_Champ_1_1_64.tif
1;1;64;18;15551;-10864.4;-12380.982;497;940;-1;-1;1;non;0.345;µm;1;V;25.53;7.250;28.19;-1;-1;-1;-1;-1;D:\Sessions Metalia\C Camus\ISO 643_INT_277172_2022-06-07_10-47-02\Images_277172\277172_Champ_1_1_64.tif
1;1;64;19;15551;-10864.4;-12380.982;497;1000.5;-1;-1;0.5;non;0.345;µm;1;V;16.22;6.560;35.80;-1;-1;-1;-1;-1;D:\Sessions Metalia\C Camus\ISO 643_INT_277172_2022-06-07_10-47-02\Images_277172\277172_Champ_1_1_64.tif
1;1;464;1;15904;-15457.2;-12320.981;7;497;-1;-1;0.5;non;0.345;µm;1;H;5.52;9.669;12.19;-1;-1;-1;-1;-1;D:\Sessions Metalia\C Camus\ISO 643_INT_277172_2022-06-07_10-47-02\Images_277172\277172_Champ_1_1_464.tif
1;1;464;2;15904;-15457.2;-12320.981;78;497;-1;-1;1;non;0.345;µm;1;H;43.47;5.714;47.99;-1;-1;-1;-1;-1;D:\Sessions Metalia\C Camus\ISO 643_INT_277172_2022-06-07_10-47-02\Images_277172\277172_Champ_1_1_464.tif
1;1;464;3;15904;-15457.2;-12320.981;202;497;-1;-1;1;non;0.345;µm;1;H;42.09;5.807;46.47;-1;-1;-1;-1;-1;D:\Sessions Metalia\C Camus\ISO 643_INT_277172_2022-06-07_10-47-02\Images_277172\277172_Champ_1_1_464.tif
1;1;464;4;15904;-15457.2;-12320.981;293.5;497;-1;-1;1;non;0.345;µm;1;H;21.05;7.807;23.23;-1;-1;-1;-1;-1;D:\Sessions Metalia\C Camus\ISO 643_INT_277172_2022-06-07_10-47-02\Images_277172\277172_Champ_1_1_464.tif
1;1;464;5;15904;-15457.2;-12320.981;349;497;-1;-1;1;non;0.345;µm;1;H;17.25;8.381;19.04;-1;-1;-1;-1;-1;D:\Sessions Metalia\C Camus\ISO 643_INT_277172_2022-06-07_10-47-02\Images_277172\277172_Champ_1_1_464.tif
1;1;464;6;15904;-15457.2;-12320.981;389;497;-1;-1;1;non;0.345;µm;1;H;10.35;9.855;11.43;-1;-1;-1;-1;-1;D:\Sessions Metalia\C Camus\ISO 643_INT_277172_2022-06-07_10-47-02\Images_277172\277172_Champ_1_1_464.tif
1;1;464;7;15904;-15457.2;-12320.981;486;497;-1;-1;1;non;0.345;µm;1;H;56.58;4.954;62.46;-1;-1;-1;-1;-1;D:\Sessions Metalia\C Camus\ISO 643_INT_277172_2022-06-07_10-47-02\Images_277172\277172_Champ_1_1_464.tif
1;1;464;8;15904;-15457.2;-12320.981;615;497;-1;-1;1;non;0.345;µm;1;H;32.43;6.560;35.80;-1;-1;-1;-1;-1;D:\Sessions Metalia\C Camus\ISO 643_INT_277172_2022-06-07_10-47-02\Images_277172\277172_Champ_1_1_464.tif
1;1;464;9;15904;-15457.2;-12320.981;700.5;497;-1;-1;1;non;0.345;µm;1;H;26.57;7.135;29.33;-1;-1;-1;-1;-1;D:\Sessions Metalia\C Camus\ISO 643_INT_277172_2022-06-07_10-47-02\Images_277172\277172_Champ_1_1_464.tif
1;1;464;10;15904;-15457.2;-12320.981;748;497;-1;-1;1;non;0.345;µm;1;H;6.21;11.329;6.86;-1;-1;-1;-1;-1;D:\Sessions Metalia\C Camus\ISO 643_INT_277172_2022-06-07_10-47-02\Images_277172\277172_Champ_1_1_464.tif
1;1;464;11;15904;-15457.2;-12320.981;886.5;497;-1;-1;1;non;0.345;µm;1;H;89.36;3.635;98.65;-1;-1;-1;-1;-1;D:\Sessions Metalia\C Camus\ISO 643_INT_277172_2022-06-07_10-47-02\Images_277172\277172_Champ_1_1_464.tif
1;1;464;12;15904;-15457.2;-12320.981;1020;497;-1;-1;0.5;non;0.345;µm;1;H;2.76;11.669;6.09;-1;-1;-1;-1;-1;D:\Sessions Metalia\C Camus\ISO 643_INT_277172_2022-06-07_10-47-02\Images_277172\277172_Champ_1_1_464.tif
1;1;464;13;15904;-15457.2;-12320.981;497;91;-1;-1;0.5;non;0.345;µm;1;V;63.48;2.622;140.16;-1;-1;-1;-1;-1;D:\Sessions Metalia\C Camus\ISO 643_INT_277172_2022-06-07_10-47-02\Images_277172\277172_Champ_1_1_464.tif
1;1;464;14;15904;-15457.2;-12320.981;497;247;-1;-1;1;non;0.345;µm;1;V;44.16;5.669;48.75;-1;-1;-1;-1;-1;D:\Sessions Metalia\C Camus\ISO 643_INT_277172_2022-06-07_10-47-02\Images_277172\277172_Champ_1_1_464.tif
1;1;464;15;15904;-15457.2;-12320.981;497;419;-1;-1;1;non;0.345;µm;1;V;74.52;4.159;82.27;-1;-1;-1;-1;-1;D:\Sessions Metalia\C Camus\ISO 643_INT_277172_2022-06-07_10-47-02\Images_277172\277172_Champ_1_1_464.tif
1;1;464;16;15904;-15457.2;-12320.981;497;546.5;-1;-1;1;non;0.345;µm;1;V;13.46;9.098;14.85;-1;-1;-1;-1;-1;D:\Sessions Metalia\C Camus\ISO 643_INT_277172_2022-06-07_10-47-02\Images_277172\277172_Champ_1_1_464.tif
1;1;464;17;15904;-15457.2;-12320.981;497;588.5;-1;-1;1;non;0.345;µm;1;V;15.53;8.685;17.14;-1;-1;-1;-1;-1;D:\Sessions Metalia\C Camus\ISO 643_INT_277172_2022-06-07_10-47-02\Images_277172\277172_Champ_1_1_464.tif
1;1;464;18;15904;-15457.2;-12320.981;497;626.5;-1;-1;1;non;0.345;µm;1;V;10.70;9.760;11.81;-1;-1;-1;-1;-1;D:\Sessions Metalia\C Camus\ISO 643_INT_277172_2022-06-07_10-47-02\Images_277172\277172_Champ_1_1_464.tif
1;1;464;19;15904;-15457.2;-12320.981;497;714;-1;-1;1;non;0.345;µm;1;V;49.68;5.329;54.85;-1;-1;-1;-1;-1;D:\Sessions Metalia\C Camus\ISO 643_INT_277172_2022-06-07_10-47-02\Images_277172\277172_Champ_1_1_464.tif
1;1;464;20;15904;-15457.2;-12320.981;497;807.5;-1;-1;1;non;0.345;µm;1;V;14.84;8.816;16.38;-1;-1;-1;-1;-1;D:\Sessions Metalia\C Camus\ISO 643_INT_277172_2022-06-07_10-47-02\Images_277172\277172_Champ_1_1_464.tif
1;1;464;21;15904;-15457.2;-12320.981;497;874.5;-1;-1;1;non;0.345;µm;1;V;31.40;6.653;34.66;-1;-1;-1;-1;-1;D:\Sessions Metalia\C Camus\ISO 643_INT_277172_2022-06-07_10-47-02\Images_277172\277172_Champ_1_1_464.tif
1;1;464;22;15904;-15457.2;-12320.981;497;972;-1;-1;0.5;non;0.345;µm;1;V;35.88;4.268;79.22;-1;-1;-1;-1;-1;D:\Sessions Metalia\C Camus\ISO 643_INT_277172_2022-06-07_10-47-02\Images_277172\277172_Champ_1_1_464.tif
1;1;368;1;6364.8;-14397.2;-12323.999;0;497;-1;-1;0.5;non;0.345;µm;1;V;0.69;15.669;1.52;-1;-1;-1;-1;-1;D:\Sessions Metalia\C Camus\ISO 643_INT_277172_2022-06-07_10-47-02\Images_277172\277172_Champ_1_1_368.tif
1;1;368;2;6364.8;-14397.2;-12323.999;12;497;-1;-1;1;non;0.345;µm;1;H;7.59;10.750;8.38;-1;-1;-1;-1;-1;D:\Sessions Metalia\C Camus\ISO 643_INT_277172_2022-06-07_10-47-02\Images_277172\277172_Champ_1_1_368.tif
1;1;368;3;6364.8;-14397.2;-12323.999;103;497;-1;-1;1;non;0.345;µm;1;H;55.20;5.025;60.94;-1;-1;-1;-1;-1;D:\Sessions Metalia\C Camus\ISO 643_INT_277172_2022-06-07_10-47-02\Images_277172\277172_Champ_1_1_368.tif
1;1;368;4;6364.8;-14397.2;-12323.999;209.5;497;-1;-1;1;non;0.345;µm;1;H;18.29;8.213;20.19;-1;-1;-1;-1;-1;D:\Sessions Metalia\C Camus\ISO 643_INT_277172_2022-06-07_10-47-02\Images_277172\277172_Champ_1_1_368.tif
1;1;368;5;6364.8;-14397.2;-12323.999;291;497;-1;-1;1;non;0.345;µm;1;H;37.95;6.106;41.90;-1;-1;-1;-1;-1;D:\Sessions Metalia\C Camus\ISO 643_INT_277172_2022-06-07_10-47-02\Images_277172\277172_Champ_1_1_368.tif
1;1;368;6;6364.8;-14397.2;-12323.999;364;497;-1;-1;1;non;0.345;µm;1;H;12.42;9.329;13.71;-1;-1;-1;-1;-1;D:\Sessions Metalia\C Camus\ISO 643_INT_277172_2022-06-07_10-47-02\Images_277172\277172_Champ_1_1_368.tif
1;1;368;7;6364.8;-14397.2;-12323.999;493.5;497;-1;-1;1;non;0.345;µm;1;H;76.94;4.067;84.94;-1;-1;-1;-1;-1;D:\Sessions Metalia\C Camus\ISO 643_INT_277172_2022-06-07_10-47-02\Images_277172\277172_Champ_1_1_368.tif
1;1;368;8;6364.8;-14397.2;-12323.999;707.5;497;-1;-1;1;non;0.345;µm;1;H;70.73;4.310;78.08;-1;-1;-1;-1;-1;D:\Sessions Metalia\C Camus\ISO 643_INT_277172_2022-06-07_10-47-02\Images_277172\277172_Champ_1_1_368.tif
1;1;368;9;6364.8;-14397.2;-12323.999;844.5;497;-1;-1;1;non;0.345;µm;1;H;23.81;7.452;26.28;-1;-1;-1;-1;-1;D:\Sessions Metalia\C Camus\ISO 643_INT_277172_2022-06-07_10-47-02\Images_277172\277172_Champ_1_1_368.tif
1;1;368;10;6364.8;-14397.2;-12323.999;917;497;-1;-1;1;non;0.345;µm;1;H;26.22;7.173;28.95;-1;-1;-1;-1;-1;D:\Sessions Metalia\C Camus\ISO 643_INT_277172_2022-06-07_10-47-02\Images_277172\277172_Champ_1_1_368.tif
1;1;368;11;6364.8;-14397.2;-12323.999;973.5;497;-1;-1;1;non;0.345;µm;1;H;12.77;9.250;14.09;-1;-1;-1;-1;-1;D:\Sessions Metalia\C Camus\ISO 643_INT_277172_2022-06-07_10-47-02\Images_277172\277172_Champ_1_1_368.tif
1;1;368;12;6364.8;-14397.2;-12323.999;1008;497;-1;-1;0.5;non;0.345;µm;1;H;11.04;7.669;24.38;-1;-1;-1;-1;-1;D:\Sessions Metalia\C Camus\ISO 643_INT_277172_2022-06-07_10-47-02\Images_277172\277172_Champ_1_1_368.tif
1;1;368;13;6364.8;-14397.2;-12323.999;497;2.5;-1;-1;0.5;non;0.345;µm;1;V;2.42;12.054;5.33;-1;-1;-1;-1;-1;D:\Sessions Metalia\C Camus\ISO 643_INT_277172_2022-06-07_10-47-02\Images_277172\277172_Champ_1_1_368.tif
1;1;368;14;6364.8;-14397.2;-12323.999;497;29.5;-1;-1;1;non;0.345;µm;1;V;16.22;8.560;17.90;-1;-1;-1;-1;-1;D:\Sessions Metalia\C Camus\ISO 643_INT_277172_2022-06-07_10-47-02\Images_277172\277172_Champ_1_1_368.tif
1;1;368;15;6364.8;-14397.2;-12323.999;497;72.5;-1;-1;1;non;0.345;µm;1;V;13.46;9.098;14.85;-1;-1;-1;-1;-1;D:\Sessions Metalia\C Camus\ISO 643_INT_277172_2022-06-07_10-47-02\Images_277172\277172_Champ_1_1_368.tif
1;1;368;16;6364.8;-14397.2;-12323.999;497;225;-1;-1;1;non;0.345;µm;1;V;91.77;3.558;101.31;-1;-1;-1;-1;-1;D:\Sessions Metalia\C Camus\ISO 643_INT_277172_2022-06-07_10-47-02\Images_277172\277172_Champ_1_1_368.tif
1;1;368;17;6364.8;-14397.2;-12323.999;497;373.5;-1;-1;1;non;0.345;µm;1;V;10.70;9.760;11.81;-1;-1;-1;-1;-1;D:\Sessions Metalia\C Camus\ISO 643_INT_277172_2022-06-07_10-47-02\Images_277172\277172_Champ_1_1_368.tif
1;1;368;18;6364.8;-14397.2;-12323.999;497;417;-1;-1;1;non;0.345;µm;1;V;19.32;8.054;21.33;-1;-1;-1;-1;-1;D:\Sessions Metalia\C Camus\ISO 643_INT_277172_2022-06-07_10-47-02\Images_277172\277172_Champ_1_1_368.tif
1;1;368;19;6364.8;-14397.2;-12323.999;497;530;-1;-1;1;non;0.345;µm;1;V;58.65;4.850;64.75;-1;-1;-1;-1;-1;D:\Sessions Metalia\C Camus\ISO 643_INT_277172_2022-06-07_10-47-02\Images_277172\277172_Champ_1_1_368.tif
1;1;368;20;6364.8;-14397.2;-12323.999;497;621;-1;-1;1;non;0.345;µm;1;V;4.14;12.499;4.57;-1;-1;-1;-1;-1;D:\Sessions Metalia\C Camus\ISO 643_INT_277172_2022-06-07_10-47-02\Images_277172\277172_Champ_1_1_368.tif
1;1;368;21;6364.8;-14397.2;-12323.999;497;641;-1;-1;1;non;0.345;µm;1;V;9.66;10.054;10.66;-1;-1;-1;-1;-1;D:\Sessions Metalia\C Camus\ISO 643_INT_277172_2022-06-07_10-47-02\Images_277172\277172_Champ_1_1_368.tif
1;1;368;22;6364.8;-14397.2;-12323.999;497;686;-1;-1;1;non;0.345;µm;1;V;21.39;7.760;23.61;-1;-1;-1;-1;-1;D:\Sessions Metalia\C Camus\ISO 643_INT_277172_2022-06-07_10-47-02\Images_277172\277172_Champ_1_1_368.tif
1;1;368;23;6364.8;-14397.2;-12323.999;497;756;-1;-1;1;non;0.345;µm;1;V;26.91;7.098;29.71;-1;-1;-1;-1;-1;D:\Sessions Metalia\C Camus\ISO 643_INT_277172_2022-06-07_10-47-02\Images_277172\277172_Champ_1_1_368.tif
1;1;368;24;6364.8;-14397.2;-12323.999;497;863;-1;-1;1;non;0.345;µm;1;V;46.92;5.494;51.80;-1;-1;-1;-1;-1;D:\Sessions Metalia\C Camus\ISO 643_INT_277172_2022-06-07_10-47-02\Images_277172\277172_Champ_1_1_368.tif
1;1;368;25;6364.8;-14397.2;-12323.999;497;947;-1;-1;1;non;0.345;µm;1;V;11.04;9.669;12.19;-1;-1;-1;-1;-1;D:\Sessions Metalia\C Camus\ISO 643_INT_277172_2022-06-07_10-47-02\Images_277172\277172_Champ_1_1_368.tif
1;1;368;26;6364.8;-14397.2;-12323.999;497;993.5;-1;-1;0.5;non;0.345;µm;1;V;21.05;5.807;46.47;-1;-1;-1;-1;-1;D:\Sessions Metalia\C Camus\ISO 643_INT_277172_2022-06-07_10-47-02\Images_277172\277172_Champ_1_1_368.tif
1;1;280;1;10957.8;-13337;-12343.198;0.5;497;-1;-1;0.5;non;0.345;µm;1;H;1.04;14.499;2.29;-1;-1;-1;-1;-1;D:\Sessions Metalia\C Camus\ISO 643_INT_277172_2022-06-07_10-47-02\Images_277172\277172_Champ_1_1_280.tif
1;1;280;2;10957.8;-13337;-12343.198;38;497;-1;-1;1;non;0.345;µm;1;H;24.84;7.329;27.42;-1;-1;-1;-1;-1;D:\Sessions Metalia\C Camus\ISO 643_INT_277172_2022-06-07_10-47-02\Images_277172\277172_Champ_1_1_280.tif
1;1;280;3;10957.8;-13337;-12343.198;129.5;497;-1;-1;1;non;0.345;µm;1;H;38.30;6.080;42.28;-1;-1;-1;-1;-1;D:\Sessions Metalia\C Camus\ISO 643_INT_277172_2022-06-07_10-47-02\Images_277172\277172_Champ_1_1_280.tif
1;1;280;4;10957.8;-13337;-12343.198;291.5;497;-1;-1;1;non;0.345;µm;1;H;73.49;4.199;81.13;-1;-1;-1;-1;-1;D:\Sessions Metalia\C Camus\ISO 643_INT_277172_2022-06-07_10-47-02\Images_277172\277172_Champ_1_1_280.tif
1;1;280;5;10957.8;-13337;-12343.198;575;497;-1;-1;1;non;0.345;µm;1;H;122.13;2.734;134.83;-1;-1;-1;-1;-1;D:\Sessions Metalia\C Camus\ISO 643_INT_277172_2022-06-07_10-47-02\Images_277172\277172_Champ_1_1_280.tif
1;1;280;6;10957.8;-13337;-12343.198;810;497;-1;-1;1;non;0.345;µm;1;H;40.02;5.953;44.18;-1;-1;-1;-1;-1;D:\Sessions Metalia\C Camus\ISO 643_INT_277172_2022-06-07_10-47-02\Images_277172\277172_Champ_1_1_280.tif
1;1;280;7;10957.8;-13337;-12343.198;946;497;-1;-1;0.5;non;0.345;µm;1;H;53.82;3.098;118.83;-1;-1;-1;-1;-1;D:\Sessions Metalia\C Camus\ISO 643_INT_277172_2022-06-07_10-47-02\Images_277172\277172_Champ_1_1_280.tif
1;1;280;8;10957.8;-13337;-12343.198;497;31;-1;-1;0.5;non;0.345;µm;1;V;22.08;5.669;48.75;-1;-1;-1;-1;-1;D:\Sessions Metalia\C Camus\ISO 643_INT_277172_2022-06-07_10-47-02\Images_277172\277172_Champ_1_1_280.tif
1;1;280;9;10957.8;-13337;-12343.198;497;86.5;-1;-1;1;non;0.345;µm;1;V;16.22;8.560;17.90;-1;-1;-1;-1;-1;D:\Sessions Metalia\C Camus\ISO 643_INT_277172_2022-06-07_10-47-02\Images_277172\277172_Champ_1_1_280.tif
1;1;280;10;10957.8;-13337;-12343.198;497;117.5;-1;-1;1;non;0.345;µm;1;V;5.18;11.855;5.71;-1;-1;-1;-1;-1;D:\Sessions Metalia\C Camus\ISO 643_INT_277172_2022-06-07_10-47-02\Images_277172\277172_Champ_1_1_280.tif
1;1;280;11;10957.8;-13337;-12343.198;497;135;-1;-1;1;non;0.345;µm;1;V;6.90;11.025;7.62;-1;-1;-1;-1;-1;D:\Sessions Metalia\C Camus\ISO 643_INT_277172_2022-06-07_10-47-02\Images_277172\277172_Champ_1_1_280.tif
1;1;280;12;10957.8;-13337;-12343.198;497;160.5;-1;-1;1;non;0.345;µm;1;V;10.70;9.760;11.81;-1;-1;-1;-1;-1;D:\Sessions Metalia\C Camus\ISO 643_INT_277172_2022-06-07_10-47-02\Images_277172\277172_Champ_1_1_280.tif
1;1;280;13;10957.8;-13337;-12343.198;497;302;-1;-1;1;non;0.345;µm;1;V;86.94;3.714;95.98;-1;-1;-1;-1;-1;D:\Sessions Metalia\C Camus\ISO 643_INT_277172_2022-06-07_10-47-02\Images_277172\277172_Champ_1_1_280.tif
1;1;280;14;10957.8;-13337;-12343.198;497;510;-1;-1;1;non;0.345;µm;1;V;56.58;4.954;62.46;-1;-1;-1;-1;-1;D:\Sessions Metalia\C Camus\ISO 643_INT_277172_2022-06-07_10-47-02\Images_277172\277172_Champ_1_1_280.tif
1;1;280;15;10957.8;-13337;-12343.198;497;626;-1;-1;1;non;0.345;µm;1;V;23.46;7.494;25.90;-1;-1;-1;-1;-1;D:\Sessions Metalia\C Camus\ISO 643_INT_277172_2022-06-07_10-47-02\Images_277172\277172_Champ_1_1_280.tif
1;1;280;16;10957.8;-13337;-12343.198;497;763;-1;-1;1;non;0.345;µm;1;V;71.07;4.296;78.46;-1;-1;-1;-1;-1;D:\Sessions Metalia\C Camus\ISO 643_INT_277172_2022-06-07_10-47-02\Images_277172\277172_Champ_1_1_280.tif
1;1;280;17;10957.8;-13337;-12343.198;497;870;-1;-1;1;non;0.345;µm;1;V;2.76;13.669;3.05;-1;-1;-1;-1;-1;D:\Sessions Metalia\C Camus\ISO 643_INT_277172_2022-06-07_10-47-02\Images_277172\277172_Champ_1_1_280.tif
1;1;280;18;10957.8;-13337;-12343.198;497;930;-1;-1;1;non;0.345;µm;1;V;38.64;6.054;42.66;-1;-1;-1;-1;-1;D:\Sessions Metalia\C Camus\ISO 643_INT_277172_2022-06-07_10-47-02\Images_277172\277172_Champ_1_1_280.tif
1;1;280;19;10957.8;-13337;-12343.198;497;996.5;-1;-1;1;non;0.345;µm;1;V;7.25;10.884;8.00;-1;-1;-1;-1;-1;D:\Sessions Metalia\C Camus\ISO 643_INT_277172_2022-06-07_10-47-02\Images_277172\277172_Champ_1_1_280.tif
1;1;280;20;10957.8;-13337;-12343.198;497;1015.5;-1;-1;0.5;non;0.345;µm;1;V;5.87;9.494;12.95;-1;-1;-1;-1;-1;D:\Sessions Metalia\C Camus\ISO 643_INT_277172_2022-06-07_10-47-02\Images_277172\277172_Champ_1_1_280.tif
