NEch;NZon;NCha;NObj;XChE;YChE;ZChE;XObC;YObC;XObE;YObE;IPos;Cor_Bord;Taille_Pixel;Unite;Phase;Sens;Longueur;G;Diamètre;P6;P7;P8;P9;P10;Nom image
1;1;167;1;7860.6;-3415.6;-13535.256;14.5;497;-1;-1;0.5;non;0.345;µm;1;H;10.70;7.760;23.61;-1;-1;-1;-1;-1;D:\Sessions Metalia\C Camus\ISO 643_INT_289071_2022-06-07_10-33-10\Images_289071\289071_Champ_1_1_167.tif
1;1;167;2;7860.6;-3415.6;-13535.256;112;497;-1;-1;1;non;0.345;µm;1;H;56.58;4.954;62.46;-1;-1;-1;-1;-1;D:\Sessions Metalia\C Camus\ISO 643_INT_289071_2022-06-07_10-33-10\Images_289071\289071_Champ_1_1_167.tif
1;1;167;3;7860.6;-3415.6;-13535.256;214;497;-1;-1;1;non;0.345;µm;1;H;13.80;9.025;15.24;-1;-1;-1;-1;-1;D:\Sessions Metalia\C Camus\ISO 643_INT_289071_2022-06-07_10-33-10\Images_289071\289071_Champ_1_1_167.tif
1;1;167;4;7860.6;-3415.6;-13535.256;269;497;-1;-1;1;non;0.345;µm;1;H;24.15;7.410;26.66;-1;-1;-1;-1;-1;D:\Sessions Metalia\C Camus\ISO 643_INT_289071_2022-06-07_10-33-10\Images_289071\289071_Champ_1_1_167.tif
1;1;167;5;7860.6;-3415.6;-13535.256;354;497;-1;-1;1;non;0.345;µm;1;H;34.50;6.381;38.09;-1;-1;-1;-1;-1;D:\Sessions Metalia\C Camus\ISO 643_INT_289071_2022-06-07_10-33-10\Images_289071\289071_Champ_1_1_167.tif
1;1;167;6;7860.6;-3415.6;-13535.256;413;497;-1;-1;1;non;0.345;µm;1;H;6.21;11.329;6.86;-1;-1;-1;-1;-1;D:\Sessions Metalia\C Camus\ISO 643_INT_289071_2022-06-07_10-33-10\Images_289071\289071_Champ_1_1_167.tif
1;1;167;7;7860.6;-3415.6;-13535.256;477;497;-1;-1;1;non;0.345;µm;1;H;37.95;6.106;41.90;-1;-1;-1;-1;-1;D:\Sessions Metalia\C Camus\ISO 643_INT_289071_2022-06-07_10-33-10\Images_289071\289071_Champ_1_1_167.tif
1;1;167;8;7860.6;-3415.6;-13535.256;554.5;497;-1;-1;1;non;0.345;µm;1;H;15.53;8.685;17.14;-1;-1;-1;-1;-1;D:\Sessions Metalia\C Camus\ISO 643_INT_289071_2022-06-07_10-33-10\Images_289071\289071_Champ_1_1_167.tif
1;1;167;9;7860.6;-3415.6;-13535.256;649.5;497;-1;-1;1;non;0.345;µm;1;H;50.03;5.309;55.23;-1;-1;-1;-1;-1;D:\Sessions Metalia\C Camus\ISO 643_INT_289071_2022-06-07_10-33-10\Images_289071\289071_Champ_1_1_167.tif
1;1;167;10;7860.6;-3415.6;-13535.256;778.5;497;-1;-1;1;non;0.345;µm;1;H;38.99;6.028;43.04;-1;-1;-1;-1;-1;D:\Sessions Metalia\C Camus\ISO 643_INT_289071_2022-06-07_10-33-10\Images_289071\289071_Champ_1_1_167.tif
1;1;167;11;7860.6;-3415.6;-13535.256;902;497;-1;-1;1;non;0.345;µm;1;H;46.23;5.537;51.04;-1;-1;-1;-1;-1;D:\Sessions Metalia\C Camus\ISO 643_INT_289071_2022-06-07_10-33-10\Images_289071\289071_Champ_1_1_167.tif
1;1;167;12;7860.6;-3415.6;-13535.256;996.5;497;-1;-1;0.5;non;0.345;µm;1;H;18.98;6.106;41.90;-1;-1;-1;-1;-1;D:\Sessions Metalia\C Camus\ISO 643_INT_289071_2022-06-07_10-33-10\Images_289071\289071_Champ_1_1_167.tif
1;1;167;13;7860.6;-3415.6;-13535.256;497;55;-1;-1;0.5;non;0.345;µm;1;V;38.64;4.054;85.32;-1;-1;-1;-1;-1;D:\Sessions Metalia\C Camus\ISO 643_INT_289071_2022-06-07_10-33-10\Images_289071\289071_Champ_1_1_167.tif
1;1;167;14;7860.6;-3415.6;-13535.256;497;190.5;-1;-1;1;non;0.345;µm;1;V;54.86;5.043;60.56;-1;-1;-1;-1;-1;D:\Sessions Metalia\C Camus\ISO 643_INT_289071_2022-06-07_10-33-10\Images_289071\289071_Champ_1_1_167.tif
1;1;167;15;7860.6;-3415.6;-13535.256;497;277;-1;-1;1;non;0.345;µm;1;V;4.83;12.054;5.33;-1;-1;-1;-1;-1;D:\Sessions Metalia\C Camus\ISO 643_INT_289071_2022-06-07_10-33-10\Images_289071\289071_Champ_1_1_167.tif
1;1;167;16;7860.6;-3415.6;-13535.256;497;368.5;-1;-1;1;non;0.345;µm;1;V;58.31;4.867;64.37;-1;-1;-1;-1;-1;D:\Sessions Metalia\C Camus\ISO 643_INT_289071_2022-06-07_10-33-10\Images_289071\289071_Champ_1_1_167.tif
1;1;167;17;7860.6;-3415.6;-13535.256;497;465.5;-1;-1;1;non;0.345;µm;1;V;8.63;10.381;9.52;-1;-1;-1;-1;-1;D:\Sessions Metalia\C Camus\ISO 643_INT_289071_2022-06-07_10-33-10\Images_289071\289071_Champ_1_1_167.tif
1;1;167;18;7860.6;-3415.6;-13535.256;497;551.5;-1;-1;1;non;0.345;µm;1;V;50.72;5.269;55.99;-1;-1;-1;-1;-1;D:\Sessions Metalia\C Camus\ISO 643_INT_289071_2022-06-07_10-33-10\Images_289071\289071_Champ_1_1_167.tif
1;1;167;19;7860.6;-3415.6;-13535.256;497;633;-1;-1;1;non;0.345;µm;1;V;5.52;11.669;6.09;-1;-1;-1;-1;-1;D:\Sessions Metalia\C Camus\ISO 643_INT_289071_2022-06-07_10-33-10\Images_289071\289071_Champ_1_1_167.tif
1;1;167;20;7860.6;-3415.6;-13535.256;497;694;-1;-1;1;non;0.345;µm;1;V;36.57;6.213;40.37;-1;-1;-1;-1;-1;D:\Sessions Metalia\C Camus\ISO 643_INT_289071_2022-06-07_10-33-10\Images_289071\289071_Champ_1_1_167.tif
1;1;167;21;7860.6;-3415.6;-13535.256;497;768;-1;-1;1;non;0.345;µm;1;V;14.49;8.884;16.00;-1;-1;-1;-1;-1;D:\Sessions Metalia\C Camus\ISO 643_INT_289071_2022-06-07_10-33-10\Images_289071\289071_Champ_1_1_167.tif
1;1;167;22;7860.6;-3415.6;-13535.256;497;865.5;-1;-1;1;non;0.345;µm;1;V;52.79;5.154;58.27;-1;-1;-1;-1;-1;D:\Sessions Metalia\C Camus\ISO 643_INT_289071_2022-06-07_10-33-10\Images_289071\289071_Champ_1_1_167.tif
1;1;167;23;7860.6;-3415.6;-13535.256;497;949;-1;-1;1;non;0.345;µm;1;V;4.83;12.054;5.33;-1;-1;-1;-1;-1;D:\Sessions Metalia\C Camus\ISO 643_INT_289071_2022-06-07_10-33-10\Images_289071\289071_Champ_1_1_167.tif
1;1;167;24;7860.6;-3415.6;-13535.256;497;990;-1;-1;0.5;non;0.345;µm;1;V;23.46;5.494;51.80;-1;-1;-1;-1;-1;D:\Sessions Metalia\C Camus\ISO 643_INT_289071_2022-06-07_10-33-10\Images_289071\289071_Champ_1_1_167.tif
1;1;80;1;5740.8;-2355.6;-13526.392;2;497;-1;-1;0.5;non;0.345;µm;1;H;2.07;12.499;4.57;-1;-1;-1;-1;-1;D:\Sessions Metalia\C Camus\ISO 643_INT_289071_2022-06-07_10-33-10\Images_289071\289071_Champ_1_1_80.tif
1;1;80;2;5740.8;-2355.6;-13526.392;24;497;-1;-1;1;non;0.345;µm;1;H;13.11;9.173;14.47;-1;-1;-1;-1;-1;D:\Sessions Metalia\C Camus\ISO 643_INT_289071_2022-06-07_10-33-10\Images_289071\289071_Champ_1_1_80.tif
1;1;80;3;5740.8;-2355.6;-13526.392;123.5;497;-1;-1;1;non;0.345;µm;1;H;55.55;5.007;61.32;-1;-1;-1;-1;-1;D:\Sessions Metalia\C Camus\ISO 643_INT_289071_2022-06-07_10-33-10\Images_289071\289071_Champ_1_1_80.tif
1;1;80;4;5740.8;-2355.6;-13526.392;398;497;-1;-1;1;non;0.345;µm;1;H;133.86;2.469;147.78;-1;-1;-1;-1;-1;D:\Sessions Metalia\C Camus\ISO 643_INT_289071_2022-06-07_10-33-10\Images_289071\289071_Champ_1_1_80.tif
1;1;80;5;5740.8;-2355.6;-13526.392;602;497;-1;-1;1;non;0.345;µm;1;H;6.90;11.025;7.62;-1;-1;-1;-1;-1;D:\Sessions Metalia\C Camus\ISO 643_INT_289071_2022-06-07_10-33-10\Images_289071\289071_Champ_1_1_80.tif
1;1;80;6;5740.8;-2355.6;-13526.392;730;497;-1;-1;1;non;0.345;µm;1;H;81.42;3.903;89.89;-1;-1;-1;-1;-1;D:\Sessions Metalia\C Camus\ISO 643_INT_289071_2022-06-07_10-33-10\Images_289071\289071_Champ_1_1_80.tif
1;1;80;7;5740.8;-2355.6;-13526.392;900;497;-1;-1;1;non;0.345;µm;1;H;35.88;6.268;39.61;-1;-1;-1;-1;-1;D:\Sessions Metalia\C Camus\ISO 643_INT_289071_2022-06-07_10-33-10\Images_289071\289071_Champ_1_1_80.tif
1;1;80;8;5740.8;-2355.6;-13526.392;986;497;-1;-1;1;non;0.345;µm;1;H;23.46;7.494;25.90;-1;-1;-1;-1;-1;D:\Sessions Metalia\C Camus\ISO 643_INT_289071_2022-06-07_10-33-10\Images_289071\289071_Champ_1_1_80.tif
1;1;80;9;5740.8;-2355.6;-13526.392;1022;497;-1;-1;0.5;non;0.345;µm;1;H;1.38;13.669;3.05;-1;-1;-1;-1;-1;D:\Sessions Metalia\C Camus\ISO 643_INT_289071_2022-06-07_10-33-10\Images_289071\289071_Champ_1_1_80.tif
1;1;80;10;5740.8;-2355.6;-13526.392;497;2;-1;-1;0.5;non;0.345;µm;1;V;2.07;12.499;4.57;-1;-1;-1;-1;-1;D:\Sessions Metalia\C Camus\ISO 643_INT_289071_2022-06-07_10-33-10\Images_289071\289071_Champ_1_1_80.tif
1;1;80;11;5740.8;-2355.6;-13526.392;497;72.5;-1;-1;1;non;0.345;µm;1;V;46.58;5.515;51.42;-1;-1;-1;-1;-1;D:\Sessions Metalia\C Camus\ISO 643_INT_289071_2022-06-07_10-33-10\Images_289071\289071_Champ_1_1_80.tif
1;1;80;12;5740.8;-2355.6;-13526.392;497;195.5;-1;-1;1;non;0.345;µm;1;V;38.30;6.080;42.28;-1;-1;-1;-1;-1;D:\Sessions Metalia\C Camus\ISO 643_INT_289071_2022-06-07_10-33-10\Images_289071\289071_Champ_1_1_80.tif
1;1;80;13;5740.8;-2355.6;-13526.392;497;323;-1;-1;1;non;0.345;µm;1;V;49.68;5.329;54.85;-1;-1;-1;-1;-1;D:\Sessions Metalia\C Camus\ISO 643_INT_289071_2022-06-07_10-33-10\Images_289071\289071_Champ_1_1_80.tif
1;1;80;14;5740.8;-2355.6;-13526.392;497;402.5;-1;-1;1;non;0.345;µm;1;V;5.18;11.855;5.71;-1;-1;-1;-1;-1;D:\Sessions Metalia\C Camus\ISO 643_INT_289071_2022-06-07_10-33-10\Images_289071\289071_Champ_1_1_80.tif
1;1;80;15;5740.8;-2355.6;-13526.392;497;419;-1;-1;1;non;0.345;µm;1;V;6.21;11.329;6.86;-1;-1;-1;-1;-1;D:\Sessions Metalia\C Camus\ISO 643_INT_289071_2022-06-07_10-33-10\Images_289071\289071_Champ_1_1_80.tif
1;1;80;16;5740.8;-2355.6;-13526.392;497;437;-1;-1;1;non;0.345;µm;1;V;6.21;11.329;6.86;-1;-1;-1;-1;-1;D:\Sessions Metalia\C Camus\ISO 643_INT_289071_2022-06-07_10-33-10\Images_289071\289071_Champ_1_1_80.tif
1;1;80;17;5740.8;-2355.6;-13526.392;497;539.5;-1;-1;1;non;0.345;µm;1;V;64.52;4.575;71.22;-1;-1;-1;-1;-1;D:\Sessions Metalia\C Camus\ISO 643_INT_289071_2022-06-07_10-33-10\Images_289071\289071_Champ_1_1_80.tif
1;1;80;18;5740.8;-2355.6;-13526.392;497;638.5;-1;-1;1;non;0.345;µm;1;V;3.80;12.750;4.19;-1;-1;-1;-1;-1;D:\Sessions Metalia\C Camus\ISO 643_INT_289071_2022-06-07_10-33-10\Images_289071\289071_Champ_1_1_80.tif
1;1;80;19;5740.8;-2355.6;-13526.392;497;647;-1;-1;1;non;0.345;µm;1;V;2.07;14.499;2.29;-1;-1;-1;-1;-1;D:\Sessions Metalia\C Camus\ISO 643_INT_289071_2022-06-07_10-33-10\Images_289071\289071_Champ_1_1_80.tif
1;1;80;20;5740.8;-2355.6;-13526.392;497;712;-1;-1;1;non;0.345;µm;1;V;42.78;5.760;47.23;-1;-1;-1;-1;-1;D:\Sessions Metalia\C Camus\ISO 643_INT_289071_2022-06-07_10-33-10\Images_289071\289071_Champ_1_1_80.tif
1;1;80;21;5740.8;-2355.6;-13526.392;497;814;-1;-1;1;non;0.345;µm;1;V;27.60;7.025;30.47;-1;-1;-1;-1;-1;D:\Sessions Metalia\C Camus\ISO 643_INT_289071_2022-06-07_10-33-10\Images_289071\289071_Champ_1_1_80.tif
1;1;80;22;5740.8;-2355.6;-13526.392;497;883.5;-1;-1;1;non;0.345;µm;1;V;20.36;7.904;22.47;-1;-1;-1;-1;-1;D:\Sessions Metalia\C Camus\ISO 643_INT_289071_2022-06-07_10-33-10\Images_289071\289071_Champ_1_1_80.tif
1;1;80;23;5740.8;-2355.6;-13526.392;497;949.5;-1;-1;1;non;0.345;µm;1;V;25.19;7.289;27.80;-1;-1;-1;-1;-1;D:\Sessions Metalia\C Camus\ISO 643_INT_289071_2022-06-07_10-33-10\Images_289071\289071_Champ_1_1_80.tif
1;1;80;24;5740.8;-2355.6;-13526.392;497;1005;-1;-1;0.5;non;0.345;µm;1;V;13.11;7.173;28.95;-1;-1;-1;-1;-1;D:\Sessions Metalia\C Camus\ISO 643_INT_289071_2022-06-07_10-33-10\Images_289071\289071_Champ_1_1_80.tif
1;1;42;1;6093.8;-2002.4;-13531.361;26.5;497;-1;-1;0.5;non;0.345;µm;1;H;18.98;6.106;41.90;-1;-1;-1;-1;-1;D:\Sessions Metalia\C Camus\ISO 643_INT_289071_2022-06-07_10-33-10\Images_289071\289071_Champ_1_1_42.tif
1;1;42;2;6093.8;-2002.4;-13531.361;120.5;497;-1;-1;1;non;0.345;µm;1;H;45.89;5.558;50.66;-1;-1;-1;-1;-1;D:\Sessions Metalia\C Camus\ISO 643_INT_289071_2022-06-07_10-33-10\Images_289071\289071_Champ_1_1_42.tif
1;1;42;3;6093.8;-2002.4;-13531.361;275.5;497;-1;-1;1;non;0.345;µm;1;H;61.07;4.734;67.42;-1;-1;-1;-1;-1;D:\Sessions Metalia\C Camus\ISO 643_INT_289071_2022-06-07_10-33-10\Images_289071\289071_Champ_1_1_42.tif
1;1;42;4;6093.8;-2002.4;-13531.361;370.5;497;-1;-1;1;non;0.345;µm;1;H;4.49;12.268;4.95;-1;-1;-1;-1;-1;D:\Sessions Metalia\C Camus\ISO 643_INT_289071_2022-06-07_10-33-10\Images_289071\289071_Champ_1_1_42.tif
1;1;42;5;6093.8;-2002.4;-13531.361;424;497;-1;-1;1;non;0.345;µm;1;H;32.43;6.560;35.80;-1;-1;-1;-1;-1;D:\Sessions Metalia\C Camus\ISO 643_INT_289071_2022-06-07_10-33-10\Images_289071\289071_Champ_1_1_42.tif
1;1;42;6;6093.8;-2002.4;-13531.361;474.5;497;-1;-1;1;non;0.345;µm;1;H;2.42;14.054;2.67;-1;-1;-1;-1;-1;D:\Sessions Metalia\C Camus\ISO 643_INT_289071_2022-06-07_10-33-10\Images_289071\289071_Champ_1_1_42.tif
1;1;42;7;6093.8;-2002.4;-13531.361;534.5;497;-1;-1;1;non;0.345;µm;1;H;38.99;6.028;43.04;-1;-1;-1;-1;-1;D:\Sessions Metalia\C Camus\ISO 643_INT_289071_2022-06-07_10-33-10\Images_289071\289071_Champ_1_1_42.tif
1;1;42;8;6093.8;-2002.4;-13531.361;599;497;-1;-1;1;non;0.345;µm;1;H;5.52;11.669;6.09;-1;-1;-1;-1;-1;D:\Sessions Metalia\C Camus\ISO 643_INT_289071_2022-06-07_10-33-10\Images_289071\289071_Champ_1_1_42.tif
1;1;42;9;6093.8;-2002.4;-13531.361;697;497;-1;-1;1;non;0.345;µm;1;H;62.10;4.685;68.56;-1;-1;-1;-1;-1;D:\Sessions Metalia\C Camus\ISO 643_INT_289071_2022-06-07_10-33-10\Images_289071\289071_Champ_1_1_42.tif
1;1;42;10;6093.8;-2002.4;-13531.361;795;497;-1;-1;1;non;0.345;µm;1;H;5.52;11.669;6.09;-1;-1;-1;-1;-1;D:\Sessions Metalia\C Camus\ISO 643_INT_289071_2022-06-07_10-33-10\Images_289071\289071_Champ_1_1_42.tif
1;1;42;11;6093.8;-2002.4;-13531.361;913.5;497;-1;-1;0.5;non;0.345;µm;1;H;76.25;2.093;168.35;-1;-1;-1;-1;-1;D:\Sessions Metalia\C Camus\ISO 643_INT_289071_2022-06-07_10-33-10\Images_289071\289071_Champ_1_1_42.tif
1;1;42;12;6093.8;-2002.4;-13531.361;497;89;-1;-1;0.5;non;0.345;µm;1;V;62.10;2.685;137.12;-1;-1;-1;-1;-1;D:\Sessions Metalia\C Camus\ISO 643_INT_289071_2022-06-07_10-33-10\Images_289071\289071_Champ_1_1_42.tif
1;1;42;13;6093.8;-2002.4;-13531.361;497;277.5;-1;-1;1;non;0.345;µm;1;V;67.97;4.425;75.03;-1;-1;-1;-1;-1;D:\Sessions Metalia\C Camus\ISO 643_INT_289071_2022-06-07_10-33-10\Images_289071\289071_Champ_1_1_42.tif
1;1;42;14;6093.8;-2002.4;-13531.361;497;388;-1;-1;1;non;0.345;µm;1;V;8.28;10.499;9.14;-1;-1;-1;-1;-1;D:\Sessions Metalia\C Camus\ISO 643_INT_289071_2022-06-07_10-33-10\Images_289071\289071_Champ_1_1_42.tif
1;1;42;15;6093.8;-2002.4;-13531.361;497;442;-1;-1;1;non;0.345;µm;1;V;28.98;6.884;31.99;-1;-1;-1;-1;-1;D:\Sessions Metalia\C Camus\ISO 643_INT_289071_2022-06-07_10-33-10\Images_289071\289071_Champ_1_1_42.tif
1;1;42;16;6093.8;-2002.4;-13531.361;497;542;-1;-1;1;non;0.345;µm;1;V;40.02;5.953;44.18;-1;-1;-1;-1;-1;D:\Sessions Metalia\C Camus\ISO 643_INT_289071_2022-06-07_10-33-10\Images_289071\289071_Champ_1_1_42.tif
1;1;42;17;6093.8;-2002.4;-13531.361;497;604.5;-1;-1;1;non;0.345;µm;1;V;3.11;13.329;3.43;-1;-1;-1;-1;-1;D:\Sessions Metalia\C Camus\ISO 643_INT_289071_2022-06-07_10-33-10\Images_289071\289071_Champ_1_1_42.tif
1;1;42;18;6093.8;-2002.4;-13531.361;497;654;-1;-1;1;non;0.345;µm;1;V;31.05;6.685;34.28;-1;-1;-1;-1;-1;D:\Sessions Metalia\C Camus\ISO 643_INT_289071_2022-06-07_10-33-10\Images_289071\289071_Champ_1_1_42.tif
1;1;42;19;6093.8;-2002.4;-13531.361;497;712.5;-1;-1;1;non;0.345;µm;1;V;9.32;10.159;10.28;-1;-1;-1;-1;-1;D:\Sessions Metalia\C Camus\ISO 643_INT_289071_2022-06-07_10-33-10\Images_289071\289071_Champ_1_1_42.tif
1;1;42;20;6093.8;-2002.4;-13531.361;497;875;-1;-1;0.5;non;0.345;µm;1;V;102.81;1.230;227.00;-1;-1;-1;-1;-1;D:\Sessions Metalia\C Camus\ISO 643_INT_289071_2022-06-07_10-33-10\Images_289071\289071_Champ_1_1_42.tif
1;1;100;1;5387.4;-2709;-13521.423;56.5;497;-1;-1;0.5;non;0.345;µm;1;H;39.68;3.978;87.60;-1;-1;-1;-1;-1;D:\Sessions Metalia\C Camus\ISO 643_INT_289071_2022-06-07_10-33-10\Images_289071\289071_Champ_1_1_100.tif
1;1;100;2;5387.4;-2709;-13521.423;157.5;497;-1;-1;1;non;0.345;µm;1;H;30.02;6.783;33.14;-1;-1;-1;-1;-1;D:\Sessions Metalia\C Camus\ISO 643_INT_289071_2022-06-07_10-33-10\Images_289071\289071_Champ_1_1_100.tif
1;1;100;3;5387.4;-2709;-13521.423;210;497;-1;-1;1;non;0.345;µm;1;H;6.21;11.329;6.86;-1;-1;-1;-1;-1;D:\Sessions Metalia\C Camus\ISO 643_INT_289071_2022-06-07_10-33-10\Images_289071\289071_Champ_1_1_100.tif
1;1;100;4;5387.4;-2709;-13521.423;282.5;497;-1;-1;1;non;0.345;µm;1;H;43.82;5.691;48.37;-1;-1;-1;-1;-1;D:\Sessions Metalia\C Camus\ISO 643_INT_289071_2022-06-07_10-33-10\Images_289071\289071_Champ_1_1_100.tif
1;1;100;5;5387.4;-2709;-13521.423;422;497;-1;-1;1;non;0.345;µm;1;H;52.44;5.173;57.89;-1;-1;-1;-1;-1;D:\Sessions Metalia\C Camus\ISO 643_INT_289071_2022-06-07_10-33-10\Images_289071\289071_Champ_1_1_100.tif
1;1;100;6;5387.4;-2709;-13521.423;513.5;497;-1;-1;1;non;0.345;µm;1;H;10.70;9.760;11.81;-1;-1;-1;-1;-1;D:\Sessions Metalia\C Camus\ISO 643_INT_289071_2022-06-07_10-33-10\Images_289071\289071_Champ_1_1_100.tif
1;1;100;7;5387.4;-2709;-13521.423;562;497;-1;-1;1;non;0.345;µm;1;H;22.77;7.580;25.14;-1;-1;-1;-1;-1;D:\Sessions Metalia\C Camus\ISO 643_INT_289071_2022-06-07_10-33-10\Images_289071\289071_Champ_1_1_100.tif
1;1;100;8;5387.4;-2709;-13521.423;614.5;497;-1;-1;1;non;0.345;µm;1;H;13.46;9.098;14.85;-1;-1;-1;-1;-1;D:\Sessions Metalia\C Camus\ISO 643_INT_289071_2022-06-07_10-33-10\Images_289071\289071_Champ_1_1_100.tif
1;1;100;9;5387.4;-2709;-13521.423;651.5;497;-1;-1;1;non;0.345;µm;1;H;12.08;9.410;13.33;-1;-1;-1;-1;-1;D:\Sessions Metalia\C Camus\ISO 643_INT_289071_2022-06-07_10-33-10\Images_289071\289071_Champ_1_1_100.tif
1;1;100;10;5387.4;-2709;-13521.423;672;497;-1;-1;1;non;0.345;µm;1;H;2.07;14.499;2.29;-1;-1;-1;-1;-1;D:\Sessions Metalia\C Camus\ISO 643_INT_289071_2022-06-07_10-33-10\Images_289071\289071_Champ_1_1_100.tif
1;1;100;11;5387.4;-2709;-13521.423;701;497;-1;-1;1;non;0.345;µm;1;H;17.94;8.268;19.81;-1;-1;-1;-1;-1;D:\Sessions Metalia\C Camus\ISO 643_INT_289071_2022-06-07_10-33-10\Images_289071\289071_Champ_1_1_100.tif
1;1;100;12;5387.4;-2709;-13521.423;766;497;-1;-1;1;non;0.345;µm;1;H;26.91;7.098;29.71;-1;-1;-1;-1;-1;D:\Sessions Metalia\C Camus\ISO 643_INT_289071_2022-06-07_10-33-10\Images_289071\289071_Champ_1_1_100.tif
1;1;100;13;5387.4;-2709;-13521.423;841.5;497;-1;-1;1;non;0.345;µm;1;H;25.19;7.289;27.80;-1;-1;-1;-1;-1;D:\Sessions Metalia\C Camus\ISO 643_INT_289071_2022-06-07_10-33-10\Images_289071\289071_Champ_1_1_100.tif
1;1;100;14;5387.4;-2709;-13521.423;938;497;-1;-1;1;non;0.345;µm;1;H;41.40;5.855;45.71;-1;-1;-1;-1;-1;D:\Sessions Metalia\C Camus\ISO 643_INT_289071_2022-06-07_10-33-10\Images_289071\289071_Champ_1_1_100.tif
1;1;100;15;5387.4;-2709;-13521.423;1011;497;-1;-1;0.5;non;0.345;µm;1;H;8.97;8.268;19.81;-1;-1;-1;-1;-1;D:\Sessions Metalia\C Camus\ISO 643_INT_289071_2022-06-07_10-33-10\Images_289071\289071_Champ_1_1_100.tif
1;1;100;16;5387.4;-2709;-13521.423;497;22;-1;-1;0.5;non;0.345;µm;1;V;15.87;6.622;35.04;-1;-1;-1;-1;-1;D:\Sessions Metalia\C Camus\ISO 643_INT_289071_2022-06-07_10-33-10\Images_289071\289071_Champ_1_1_100.tif
1;1;100;17;5387.4;-2709;-13521.423;497;72;-1;-1;1;non;0.345;µm;1;V;18.63;8.159;20.57;-1;-1;-1;-1;-1;D:\Sessions Metalia\C Camus\ISO 643_INT_289071_2022-06-07_10-33-10\Images_289071\289071_Champ_1_1_100.tif
1;1;100;18;5387.4;-2709;-13521.423;497;124.5;-1;-1;1;non;0.345;µm;1;V;17.60;8.324;19.42;-1;-1;-1;-1;-1;D:\Sessions Metalia\C Camus\ISO 643_INT_289071_2022-06-07_10-33-10\Images_289071\289071_Champ_1_1_100.tif
1;1;100;19;5387.4;-2709;-13521.423;497;161;-1;-1;1;non;0.345;µm;1;V;7.59;10.750;8.38;-1;-1;-1;-1;-1;D:\Sessions Metalia\C Camus\ISO 643_INT_289071_2022-06-07_10-33-10\Images_289071\289071_Champ_1_1_100.tif
1;1;100;20;5387.4;-2709;-13521.423;497;203;-1;-1;1;non;0.345;µm;1;V;21.39;7.760;23.61;-1;-1;-1;-1;-1;D:\Sessions Metalia\C Camus\ISO 643_INT_289071_2022-06-07_10-33-10\Images_289071\289071_Champ_1_1_100.tif
1;1;100;21;5387.4;-2709;-13521.423;497;312;-1;-1;1;non;0.345;µm;1;V;53.82;5.098;59.42;-1;-1;-1;-1;-1;D:\Sessions Metalia\C Camus\ISO 643_INT_289071_2022-06-07_10-33-10\Images_289071\289071_Champ_1_1_100.tif
1;1;100;22;5387.4;-2709;-13521.423;497;472;-1;-1;1;non;0.345;µm;1;V;56.58;4.954;62.46;-1;-1;-1;-1;-1;D:\Sessions Metalia\C Camus\ISO 643_INT_289071_2022-06-07_10-33-10\Images_289071\289071_Champ_1_1_100.tif
1;1;100;23;5387.4;-2709;-13521.423;497;593;-1;-1;1;non;0.345;µm;1;V;26.91;7.098;29.71;-1;-1;-1;-1;-1;D:\Sessions Metalia\C Camus\ISO 643_INT_289071_2022-06-07_10-33-10\Images_289071\289071_Champ_1_1_100.tif
1;1;100;24;5387.4;-2709;-13521.423;497;828;-1;-1;0.5;non;0.345;µm;1;V;135.24;0.439;298.61;-1;-1;-1;-1;-1;D:\Sessions Metalia\C Camus\ISO 643_INT_289071_2022-06-07_10-33-10\Images_289071\289071_Champ_1_1_100.tif
1;1;284;1;6800.6;-4828.8;-13519.287;24.5;497;-1;-1;0.5;non;0.345;µm;1;H;17.60;6.324;38.85;-1;-1;-1;-1;-1;D:\Sessions Metalia\C Camus\ISO 643_INT_289071_2022-06-07_10-33-10\Images_289071\289071_Champ_1_1_284.tif
1;1;284;2;6800.6;-4828.8;-13519.287;68;497;-1;-1;1;non;0.345;µm;1;H;12.42;9.329;13.71;-1;-1;-1;-1;-1;D:\Sessions Metalia\C Camus\ISO 643_INT_289071_2022-06-07_10-33-10\Images_289071\289071_Champ_1_1_284.tif
1;1;284;3;6800.6;-4828.8;-13519.287;159;497;-1;-1;1;non;0.345;µm;1;H;50.37;5.289;55.61;-1;-1;-1;-1;-1;D:\Sessions Metalia\C Camus\ISO 643_INT_289071_2022-06-07_10-33-10\Images_289071\289071_Champ_1_1_284.tif
1;1;284;4;6800.6;-4828.8;-13519.287;262;497;-1;-1;1;non;0.345;µm;1;H;20.70;7.855;22.85;-1;-1;-1;-1;-1;D:\Sessions Metalia\C Camus\ISO 643_INT_289071_2022-06-07_10-33-10\Images_289071\289071_Champ_1_1_284.tif
1;1;284;5;6800.6;-4828.8;-13519.287;360;497;-1;-1;1;non;0.345;µm;1;H;46.92;5.494;51.80;-1;-1;-1;-1;-1;D:\Sessions Metalia\C Camus\ISO 643_INT_289071_2022-06-07_10-33-10\Images_289071\289071_Champ_1_1_284.tif
1;1;284;6;6800.6;-4828.8;-13519.287;525;497;-1;-1;1;non;0.345;µm;1;H;66.93;4.469;73.89;-1;-1;-1;-1;-1;D:\Sessions Metalia\C Camus\ISO 643_INT_289071_2022-06-07_10-33-10\Images_289071\289071_Champ_1_1_284.tif
1;1;284;7;6800.6;-4828.8;-13519.287;633;497;-1;-1;1;non;0.345;µm;1;H;7.59;10.750;8.38;-1;-1;-1;-1;-1;D:\Sessions Metalia\C Camus\ISO 643_INT_289071_2022-06-07_10-33-10\Images_289071\289071_Champ_1_1_284.tif
1;1;284;8;6800.6;-4828.8;-13519.287;654;497;-1;-1;1;non;0.345;µm;1;H;6.90;11.025;7.62;-1;-1;-1;-1;-1;D:\Sessions Metalia\C Camus\ISO 643_INT_289071_2022-06-07_10-33-10\Images_289071\289071_Champ_1_1_284.tif
1;1;284;9;6800.6;-4828.8;-13519.287;678.5;497;-1;-1;1;non;0.345;µm;1;H;10.01;9.953;11.05;-1;-1;-1;-1;-1;D:\Sessions Metalia\C Camus\ISO 643_INT_289071_2022-06-07_10-33-10\Images_289071\289071_Champ_1_1_284.tif
1;1;284;10;6800.6;-4828.8;-13519.287;765.5;497;-1;-1;1;non;0.345;µm;1;H;50.03;5.309;55.23;-1;-1;-1;-1;-1;D:\Sessions Metalia\C Camus\ISO 643_INT_289071_2022-06-07_10-33-10\Images_289071\289071_Champ_1_1_284.tif
1;1;284;11;6800.6;-4828.8;-13519.287;891.5;497;-1;-1;1;non;0.345;µm;1;H;36.92;6.186;40.75;-1;-1;-1;-1;-1;D:\Sessions Metalia\C Camus\ISO 643_INT_289071_2022-06-07_10-33-10\Images_289071\289071_Champ_1_1_284.tif
1;1;284;12;6800.6;-4828.8;-13519.287;980.5;497;-1;-1;1;non;0.345;µm;1;H;24.50;7.369;27.04;-1;-1;-1;-1;-1;D:\Sessions Metalia\C Camus\ISO 643_INT_289071_2022-06-07_10-33-10\Images_289071\289071_Champ_1_1_284.tif
1;1;284;13;6800.6;-4828.8;-13519.287;1020;497;-1;-1;0.5;non;0.345;µm;1;H;2.76;11.669;6.09;-1;-1;-1;-1;-1;D:\Sessions Metalia\C Camus\ISO 643_INT_289071_2022-06-07_10-33-10\Images_289071\289071_Champ_1_1_284.tif
1;1;284;14;6800.6;-4828.8;-13519.287;497;64;-1;-1;0.5;non;0.345;µm;1;V;44.85;3.624;99.03;-1;-1;-1;-1;-1;D:\Sessions Metalia\C Camus\ISO 643_INT_289071_2022-06-07_10-33-10\Images_289071\289071_Champ_1_1_284.tif
1;1;284;15;6800.6;-4828.8;-13519.287;497;260.5;-1;-1;1;non;0.345;µm;1;V;90.74;3.591;100.17;-1;-1;-1;-1;-1;D:\Sessions Metalia\C Camus\ISO 643_INT_289071_2022-06-07_10-33-10\Images_289071\289071_Champ_1_1_284.tif
1;1;284;16;6800.6;-4828.8;-13519.287;497;479;-1;-1;1;non;0.345;µm;1;V;60.03;4.783;66.27;-1;-1;-1;-1;-1;D:\Sessions Metalia\C Camus\ISO 643_INT_289071_2022-06-07_10-33-10\Images_289071\289071_Champ_1_1_284.tif
1;1;284;17;6800.6;-4828.8;-13519.287;497;647;-1;-1;1;non;0.345;µm;1;V;55.89;4.989;61.70;-1;-1;-1;-1;-1;D:\Sessions Metalia\C Camus\ISO 643_INT_289071_2022-06-07_10-33-10\Images_289071\289071_Champ_1_1_284.tif
1;1;284;18;6800.6;-4828.8;-13519.287;497;876;-1;-1;0.5;non;0.345;µm;1;V;102.12;1.250;225.48;-1;-1;-1;-1;-1;D:\Sessions Metalia\C Camus\ISO 643_INT_289071_2022-06-07_10-33-10\Images_289071\289071_Champ_1_1_284.tif
1;1;318;1;6446.8;-5181.8;-13514.319;16;497;-1;-1;0.5;non;0.345;µm;1;H;11.73;7.494;25.90;-1;-1;-1;-1;-1;D:\Sessions Metalia\C Camus\ISO 643_INT_289071_2022-06-07_10-33-10\Images_289071\289071_Champ_1_1_318.tif
1;1;318;2;6446.8;-5181.8;-13514.319;58;497;-1;-1;1;non;0.345;µm;1;H;17.25;8.381;19.04;-1;-1;-1;-1;-1;D:\Sessions Metalia\C Camus\ISO 643_INT_289071_2022-06-07_10-33-10\Images_289071\289071_Champ_1_1_318.tif
1;1;318;3;6446.8;-5181.8;-13514.319;104;497;-1;-1;1;non;0.345;µm;1;H;14.49;8.884;16.00;-1;-1;-1;-1;-1;D:\Sessions Metalia\C Camus\ISO 643_INT_289071_2022-06-07_10-33-10\Images_289071\289071_Champ_1_1_318.tif
1;1;318;4;6446.8;-5181.8;-13514.319;136.5;497;-1;-1;1;non;0.345;µm;1;H;7.94;10.622;8.76;-1;-1;-1;-1;-1;D:\Sessions Metalia\C Camus\ISO 643_INT_289071_2022-06-07_10-33-10\Images_289071\289071_Champ_1_1_318.tif
1;1;318;5;6446.8;-5181.8;-13514.319;257.5;497;-1;-1;1;non;0.345;µm;1;H;75.56;4.119;83.41;-1;-1;-1;-1;-1;D:\Sessions Metalia\C Camus\ISO 643_INT_289071_2022-06-07_10-33-10\Images_289071\289071_Champ_1_1_318.tif
1;1;318;6;6446.8;-5181.8;-13514.319;448.5;497;-1;-1;1;non;0.345;µm;1;H;56.24;4.971;62.08;-1;-1;-1;-1;-1;D:\Sessions Metalia\C Camus\ISO 643_INT_289071_2022-06-07_10-33-10\Images_289071\289071_Champ_1_1_318.tif
1;1;318;7;6446.8;-5181.8;-13514.319;539.5;497;-1;-1;1;non;0.345;µm;1;H;6.56;11.173;7.24;-1;-1;-1;-1;-1;D:\Sessions Metalia\C Camus\ISO 643_INT_289071_2022-06-07_10-33-10\Images_289071\289071_Champ_1_1_318.tif
1;1;318;8;6446.8;-5181.8;-13514.319;572;497;-1;-1;1;non;0.345;µm;1;H;15.87;8.622;17.52;-1;-1;-1;-1;-1;D:\Sessions Metalia\C Camus\ISO 643_INT_289071_2022-06-07_10-33-10\Images_289071\289071_Champ_1_1_318.tif
1;1;318;9;6446.8;-5181.8;-13514.319;690.5;497;-1;-1;1;non;0.345;µm;1;H;65.90;4.514;72.75;-1;-1;-1;-1;-1;D:\Sessions Metalia\C Camus\ISO 643_INT_289071_2022-06-07_10-33-10\Images_289071\289071_Champ_1_1_318.tif
1;1;318;10;6446.8;-5181.8;-13514.319;794;497;-1;-1;1;non;0.345;µm;1;H;5.52;11.669;6.09;-1;-1;-1;-1;-1;D:\Sessions Metalia\C Camus\ISO 643_INT_289071_2022-06-07_10-33-10\Images_289071\289071_Champ_1_1_318.tif
1;1;318;11;6446.8;-5181.8;-13514.319;830;497;-1;-1;1;non;0.345;µm;1;H;19.32;8.054;21.33;-1;-1;-1;-1;-1;D:\Sessions Metalia\C Camus\ISO 643_INT_289071_2022-06-07_10-33-10\Images_289071\289071_Champ_1_1_318.tif
1;1;318;12;6446.8;-5181.8;-13514.319;865;497;-1;-1;1;non;0.345;µm;1;H;4.83;12.054;5.33;-1;-1;-1;-1;-1;D:\Sessions Metalia\C Camus\ISO 643_INT_289071_2022-06-07_10-33-10\Images_289071\289071_Champ_1_1_318.tif
1;1;318;13;6446.8;-5181.8;-13514.319;948;497;-1;-1;0.5;non;0.345;µm;1;H;52.44;3.173;115.79;-1;-1;-1;-1;-1;D:\Sessions Metalia\C Camus\ISO 643_INT_289071_2022-06-07_10-33-10\Images_289071\289071_Champ_1_1_318.tif
1;1;318;14;6446.8;-5181.8;-13514.319;497;146.5;-1;-1;0.5;non;0.345;µm;1;V;101.78;1.260;224.72;-1;-1;-1;-1;-1;D:\Sessions Metalia\C Camus\ISO 643_INT_289071_2022-06-07_10-33-10\Images_289071\289071_Champ_1_1_318.tif
1;1;318;15;6446.8;-5181.8;-13514.319;497;351.5;-1;-1;1;non;0.345;µm;1;V;39.68;5.978;43.80;-1;-1;-1;-1;-1;D:\Sessions Metalia\C Camus\ISO 643_INT_289071_2022-06-07_10-33-10\Images_289071\289071_Champ_1_1_318.tif
1;1;318;16;6446.8;-5181.8;-13514.319;497;632;-1;-1;1;non;0.345;µm;1;V;153.87;2.067;169.87;-1;-1;-1;-1;-1;D:\Sessions Metalia\C Camus\ISO 643_INT_289071_2022-06-07_10-33-10\Images_289071\289071_Champ_1_1_318.tif
1;1;318;17;6446.8;-5181.8;-13514.319;497;939.5;-1;-1;0.5;non;0.345;µm;1;V;58.31;2.867;128.74;-1;-1;-1;-1;-1;D:\Sessions Metalia\C Camus\ISO 643_INT_289071_2022-06-07_10-33-10\Images_289071\289071_Champ_1_1_318.tif
1;1;4;1;11393.4;-1649.2;-13575.075;49.5;497;-1;-1;0.5;non;0.345;µm;1;H;34.85;4.352;76.94;-1;-1;-1;-1;-1;D:\Sessions Metalia\C Camus\ISO 643_INT_289071_2022-06-07_10-33-10\Images_289071\289071_Champ_1_1_4.tif
1;1;4;2;11393.4;-1649.2;-13575.075;104;497;-1;-1;1;non;0.345;µm;1;H;2.76;13.669;3.05;-1;-1;-1;-1;-1;D:\Sessions Metalia\C Camus\ISO 643_INT_289071_2022-06-07_10-33-10\Images_289071\289071_Champ_1_1_4.tif
1;1;4;3;11393.4;-1649.2;-13575.075;131;497;-1;-1;1;non;0.345;µm;1;H;15.87;8.622;17.52;-1;-1;-1;-1;-1;D:\Sessions Metalia\C Camus\ISO 643_INT_289071_2022-06-07_10-33-10\Images_289071\289071_Champ_1_1_4.tif
1;1;4;4;11393.4;-1649.2;-13575.075;162;497;-1;-1;1;non;0.345;µm;1;H;5.52;11.669;6.09;-1;-1;-1;-1;-1;D:\Sessions Metalia\C Camus\ISO 643_INT_289071_2022-06-07_10-33-10\Images_289071\289071_Champ_1_1_4.tif
1;1;4;5;11393.4;-1649.2;-13575.075;172;497;-1;-1;1;non;0.345;µm;1;H;1.38;15.669;1.52;-1;-1;-1;-1;-1;D:\Sessions Metalia\C Camus\ISO 643_INT_289071_2022-06-07_10-33-10\Images_289071\289071_Champ_1_1_4.tif
1;1;4;6;11393.4;-1649.2;-13575.075;176;497;-1;-1;1;non;0.345;µm;1;H;1.38;15.669;1.52;-1;-1;-1;-1;-1;D:\Sessions Metalia\C Camus\ISO 643_INT_289071_2022-06-07_10-33-10\Images_289071\289071_Champ_1_1_4.tif
1;1;4;7;11393.4;-1649.2;-13575.075;191;497;-1;-1;1;non;0.345;µm;1;H;8.97;10.268;9.90;-1;-1;-1;-1;-1;D:\Sessions Metalia\C Camus\ISO 643_INT_289071_2022-06-07_10-33-10\Images_289071\289071_Champ_1_1_4.tif
1;1;4;8;11393.4;-1649.2;-13575.075;216;497;-1;-1;1;non;0.345;µm;1;H;8.28;10.499;9.14;-1;-1;-1;-1;-1;D:\Sessions Metalia\C Camus\ISO 643_INT_289071_2022-06-07_10-33-10\Images_289071\289071_Champ_1_1_4.tif
1;1;4;9;11393.4;-1649.2;-13575.075;293.5;497;-1;-1;1;non;0.345;µm;1;H;45.20;5.602;49.90;-1;-1;-1;-1;-1;D:\Sessions Metalia\C Camus\ISO 643_INT_289071_2022-06-07_10-33-10\Images_289071\289071_Champ_1_1_4.tif
1;1;4;10;11393.4;-1649.2;-13575.075;379.5;497;-1;-1;1;non;0.345;µm;1;H;14.15;8.954;15.62;-1;-1;-1;-1;-1;D:\Sessions Metalia\C Camus\ISO 643_INT_289071_2022-06-07_10-33-10\Images_289071\289071_Champ_1_1_4.tif
1;1;4;11;11393.4;-1649.2;-13575.075;453;497;-1;-1;1;non;0.345;µm;1;H;36.57;6.213;40.37;-1;-1;-1;-1;-1;D:\Sessions Metalia\C Camus\ISO 643_INT_289071_2022-06-07_10-33-10\Images_289071\289071_Champ_1_1_4.tif
1;1;4;12;11393.4;-1649.2;-13575.075;528.5;497;-1;-1;1;non;0.345;µm;1;H;15.53;8.685;17.14;-1;-1;-1;-1;-1;D:\Sessions Metalia\C Camus\ISO 643_INT_289071_2022-06-07_10-33-10\Images_289071\289071_Champ_1_1_4.tif
1;1;4;13;11393.4;-1649.2;-13575.075;573.5;497;-1;-1;1;non;0.345;µm;1;H;15.53;8.685;17.14;-1;-1;-1;-1;-1;D:\Sessions Metalia\C Camus\ISO 643_INT_289071_2022-06-07_10-33-10\Images_289071\289071_Champ_1_1_4.tif
1;1;4;14;11393.4;-1649.2;-13575.075;622;497;-1;-1;1;non;0.345;µm;1;H;17.94;8.268;19.81;-1;-1;-1;-1;-1;D:\Sessions Metalia\C Camus\ISO 643_INT_289071_2022-06-07_10-33-10\Images_289071\289071_Champ_1_1_4.tif
1;1;4;15;11393.4;-1649.2;-13575.075;659;497;-1;-1;1;non;0.345;µm;1;H;7.59;10.750;8.38;-1;-1;-1;-1;-1;D:\Sessions Metalia\C Camus\ISO 643_INT_289071_2022-06-07_10-33-10\Images_289071\289071_Champ_1_1_4.tif
1;1;4;16;11393.4;-1649.2;-13575.075;677.5;497;-1;-1;1;non;0.345;µm;1;H;5.18;11.855;5.71;-1;-1;-1;-1;-1;D:\Sessions Metalia\C Camus\ISO 643_INT_289071_2022-06-07_10-33-10\Images_289071\289071_Champ_1_1_4.tif
1;1;4;17;11393.4;-1649.2;-13575.075;704;497;-1;-1;1;non;0.345;µm;1;H;13.11;9.173;14.47;-1;-1;-1;-1;-1;D:\Sessions Metalia\C Camus\ISO 643_INT_289071_2022-06-07_10-33-10\Images_289071\289071_Champ_1_1_4.tif
1;1;4;18;11393.4;-1649.2;-13575.075;727;497;-1;-1;1;non;0.345;µm;1;H;2.76;13.669;3.05;-1;-1;-1;-1;-1;D:\Sessions Metalia\C Camus\ISO 643_INT_289071_2022-06-07_10-33-10\Images_289071\289071_Champ_1_1_4.tif
1;1;4;19;11393.4;-1649.2;-13575.075;877.5;497;-1;-1;0.5;non;0.345;µm;1;H;101.09;1.279;223.20;-1;-1;-1;-1;-1;D:\Sessions Metalia\C Camus\ISO 643_INT_289071_2022-06-07_10-33-10\Images_289071\289071_Champ_1_1_4.tif
1;1;4;20;11393.4;-1649.2;-13575.075;497;12;-1;-1;0.5;non;0.345;µm;1;V;8.97;8.268;19.81;-1;-1;-1;-1;-1;D:\Sessions Metalia\C Camus\ISO 643_INT_289071_2022-06-07_10-33-10\Images_289071\289071_Champ_1_1_4.tif
1;1;4;21;11393.4;-1649.2;-13575.075;497;54.5;-1;-1;1;non;0.345;µm;1;V;20.36;7.904;22.47;-1;-1;-1;-1;-1;D:\Sessions Metalia\C Camus\ISO 643_INT_289071_2022-06-07_10-33-10\Images_289071\289071_Champ_1_1_4.tif
1;1;4;22;11393.4;-1649.2;-13575.075;497;114.5;-1;-1;1;non;0.345;µm;1;V;21.05;7.807;23.23;-1;-1;-1;-1;-1;D:\Sessions Metalia\C Camus\ISO 643_INT_289071_2022-06-07_10-33-10\Images_289071\289071_Champ_1_1_4.tif
1;1;4;23;11393.4;-1649.2;-13575.075;497;177.5;-1;-1;1;non;0.345;µm;1;V;22.43;7.624;24.76;-1;-1;-1;-1;-1;D:\Sessions Metalia\C Camus\ISO 643_INT_289071_2022-06-07_10-33-10\Images_289071\289071_Champ_1_1_4.tif
1;1;4;24;11393.4;-1649.2;-13575.075;497;228.5;-1;-1;1;non;0.345;µm;1;V;12.77;9.250;14.09;-1;-1;-1;-1;-1;D:\Sessions Metalia\C Camus\ISO 643_INT_289071_2022-06-07_10-33-10\Images_289071\289071_Champ_1_1_4.tif
1;1;4;25;11393.4;-1649.2;-13575.075;497;269;-1;-1;1;non;0.345;µm;1;V;15.18;8.750;16.76;-1;-1;-1;-1;-1;D:\Sessions Metalia\C Camus\ISO 643_INT_289071_2022-06-07_10-33-10\Images_289071\289071_Champ_1_1_4.tif
1;1;4;26;11393.4;-1649.2;-13575.075;497;399;-1;-1;1;non;0.345;µm;1;V;74.52;4.159;82.27;-1;-1;-1;-1;-1;D:\Sessions Metalia\C Camus\ISO 643_INT_289071_2022-06-07_10-33-10\Images_289071\289071_Champ_1_1_4.tif
1;1;4;27;11393.4;-1649.2;-13575.075;497;543;-1;-1;1;non;0.345;µm;1;V;24.84;7.329;27.42;-1;-1;-1;-1;-1;D:\Sessions Metalia\C Camus\ISO 643_INT_289071_2022-06-07_10-33-10\Images_289071\289071_Champ_1_1_4.tif
1;1;4;28;11393.4;-1649.2;-13575.075;497;629.5;-1;-1;1;non;0.345;µm;1;V;34.85;6.352;38.47;-1;-1;-1;-1;-1;D:\Sessions Metalia\C Camus\ISO 643_INT_289071_2022-06-07_10-33-10\Images_289071\289071_Champ_1_1_4.tif
1;1;4;29;11393.4;-1649.2;-13575.075;497;711.5;-1;-1;1;non;0.345;µm;1;V;21.74;7.714;24.00;-1;-1;-1;-1;-1;D:\Sessions Metalia\C Camus\ISO 643_INT_289071_2022-06-07_10-33-10\Images_289071\289071_Champ_1_1_4.tif
1;1;4;30;11393.4;-1649.2;-13575.075;497;819;-1;-1;1;non;0.345;µm;1;V;52.44;5.173;57.89;-1;-1;-1;-1;-1;D:\Sessions Metalia\C Camus\ISO 643_INT_289071_2022-06-07_10-33-10\Images_289071\289071_Champ_1_1_4.tif
1;1;4;31;11393.4;-1649.2;-13575.075;497;944;-1;-1;1;non;0.345;µm;1;V;33.81;6.439;37.33;-1;-1;-1;-1;-1;D:\Sessions Metalia\C Camus\ISO 643_INT_289071_2022-06-07_10-33-10\Images_289071\289071_Champ_1_1_4.tif
1;1;4;32;11393.4;-1649.2;-13575.075;497;1008.5;-1;-1;0.5;non;0.345;µm;1;V;10.70;7.760;23.61;-1;-1;-1;-1;-1;D:\Sessions Metalia\C Camus\ISO 643_INT_289071_2022-06-07_10-33-10\Images_289071\289071_Champ_1_1_4.tif
1;1;241;1;12453.2;-4475.6;-13565.769;145;497;-1;-1;0.5;non;0.345;µm;1;H;100.74;1.289;222.43;-1;-1;-1;-1;-1;D:\Sessions Metalia\C Camus\ISO 643_INT_289071_2022-06-07_10-33-10\Images_289071\289071_Champ_1_1_241.tif
1;1;241;2;12453.2;-4475.6;-13565.769;334;497;-1;-1;1;non;0.345;µm;1;H;29.67;6.816;32.76;-1;-1;-1;-1;-1;D:\Sessions Metalia\C Camus\ISO 643_INT_289071_2022-06-07_10-33-10\Images_289071\289071_Champ_1_1_241.tif
1;1;241;3;12453.2;-4475.6;-13565.769;533;497;-1;-1;1;non;0.345;µm;1;H;107.64;3.098;118.83;-1;-1;-1;-1;-1;D:\Sessions Metalia\C Camus\ISO 643_INT_289071_2022-06-07_10-33-10\Images_289071\289071_Champ_1_1_241.tif
1;1;241;4;12453.2;-4475.6;-13565.769;702.5;497;-1;-1;1;non;0.345;µm;1;H;9.32;10.159;10.28;-1;-1;-1;-1;-1;D:\Sessions Metalia\C Camus\ISO 643_INT_289071_2022-06-07_10-33-10\Images_289071\289071_Champ_1_1_241.tif
1;1;241;5;12453.2;-4475.6;-13565.769;870;497;-1;-1;0.5;non;0.345;µm;1;H;106.26;1.135;234.62;-1;-1;-1;-1;-1;D:\Sessions Metalia\C Camus\ISO 643_INT_289071_2022-06-07_10-33-10\Images_289071\289071_Champ_1_1_241.tif
1;1;241;6;12453.2;-4475.6;-13565.769;497;69.5;-1;-1;0.5;non;0.345;µm;1;V;48.65;3.390;107.41;-1;-1;-1;-1;-1;D:\Sessions Metalia\C Camus\ISO 643_INT_289071_2022-06-07_10-33-10\Images_289071\289071_Champ_1_1_241.tif
1;1;241;7;12453.2;-4475.6;-13565.769;497;150;-1;-1;1;non;0.345;µm;1;V;6.90;11.025;7.62;-1;-1;-1;-1;-1;D:\Sessions Metalia\C Camus\ISO 643_INT_289071_2022-06-07_10-33-10\Images_289071\289071_Champ_1_1_241.tif
1;1;241;8;12453.2;-4475.6;-13565.769;497;204;-1;-1;1;non;0.345;µm;1;V;30.36;6.750;33.52;-1;-1;-1;-1;-1;D:\Sessions Metalia\C Camus\ISO 643_INT_289071_2022-06-07_10-33-10\Images_289071\289071_Champ_1_1_241.tif
1;1;241;9;12453.2;-4475.6;-13565.769;497;274;-1;-1;1;non;0.345;µm;1;V;17.94;8.268;19.81;-1;-1;-1;-1;-1;D:\Sessions Metalia\C Camus\ISO 643_INT_289071_2022-06-07_10-33-10\Images_289071\289071_Champ_1_1_241.tif
1;1;241;10;12453.2;-4475.6;-13565.769;497;575.5;-1;-1;1;non;0.345;µm;1;V;190.10;1.457;209.86;-1;-1;-1;-1;-1;D:\Sessions Metalia\C Camus\ISO 643_INT_289071_2022-06-07_10-33-10\Images_289071\289071_Champ_1_1_241.tif
1;1;241;11;12453.2;-4475.6;-13565.769;497;937.5;-1;-1;0.5;non;0.345;µm;1;V;59.69;2.800;131.78;-1;-1;-1;-1;-1;D:\Sessions Metalia\C Camus\ISO 643_INT_289071_2022-06-07_10-33-10\Images_289071\289071_Champ_1_1_241.tif
1;1;51;1;9273.2;-2002.4;-13556.269;30.5;497;-1;-1;0.5;non;0.345;µm;1;H;21.74;5.714;47.99;-1;-1;-1;-1;-1;D:\Sessions Metalia\C Camus\ISO 643_INT_289071_2022-06-07_10-33-10\Images_289071\289071_Champ_1_1_51.tif
1;1;51;2;9273.2;-2002.4;-13556.269;68.5;497;-1;-1;1;non;0.345;µm;1;H;4.49;12.268;4.95;-1;-1;-1;-1;-1;D:\Sessions Metalia\C Camus\ISO 643_INT_289071_2022-06-07_10-33-10\Images_289071\289071_Champ_1_1_51.tif
1;1;51;3;9273.2;-2002.4;-13556.269;105.5;497;-1;-1;1;non;0.345;µm;1;H;21.05;7.807;23.23;-1;-1;-1;-1;-1;D:\Sessions Metalia\C Camus\ISO 643_INT_289071_2022-06-07_10-33-10\Images_289071\289071_Champ_1_1_51.tif
1;1;51;4;9273.2;-2002.4;-13556.269;291.5;497;-1;-1;1;non;0.345;µm;1;H;107.30;3.107;118.45;-1;-1;-1;-1;-1;D:\Sessions Metalia\C Camus\ISO 643_INT_289071_2022-06-07_10-33-10\Images_289071\289071_Champ_1_1_51.tif
1;1;51;5;9273.2;-2002.4;-13556.269;460;497;-1;-1;1;non;0.345;µm;1;H;8.97;10.268;9.90;-1;-1;-1;-1;-1;D:\Sessions Metalia\C Camus\ISO 643_INT_289071_2022-06-07_10-33-10\Images_289071\289071_Champ_1_1_51.tif
1;1;51;6;9273.2;-2002.4;-13556.269;593;497;-1;-1;1;non;0.345;µm;1;H;82.80;3.855;91.41;-1;-1;-1;-1;-1;D:\Sessions Metalia\C Camus\ISO 643_INT_289071_2022-06-07_10-33-10\Images_289071\289071_Champ_1_1_51.tif
1;1;51;7;9273.2;-2002.4;-13556.269;758.5;497;-1;-1;1;non;0.345;µm;1;H;31.40;6.653;34.66;-1;-1;-1;-1;-1;D:\Sessions Metalia\C Camus\ISO 643_INT_289071_2022-06-07_10-33-10\Images_289071\289071_Champ_1_1_51.tif
1;1;51;8;9273.2;-2002.4;-13556.269;895;497;-1;-1;1;non;0.345;µm;1;H;62.79;4.653;69.32;-1;-1;-1;-1;-1;D:\Sessions Metalia\C Camus\ISO 643_INT_289071_2022-06-07_10-33-10\Images_289071\289071_Champ_1_1_51.tif
1;1;51;9;9273.2;-2002.4;-13556.269;995;497;-1;-1;1;non;0.345;µm;1;H;6.21;11.329;6.86;-1;-1;-1;-1;-1;D:\Sessions Metalia\C Camus\ISO 643_INT_289071_2022-06-07_10-33-10\Images_289071\289071_Champ_1_1_51.tif
1;1;51;10;9273.2;-2002.4;-13556.269;1014;497;-1;-1;0.5;non;0.345;µm;1;H;6.90;9.025;15.24;-1;-1;-1;-1;-1;D:\Sessions Metalia\C Camus\ISO 643_INT_289071_2022-06-07_10-33-10\Images_289071\289071_Champ_1_1_51.tif
1;1;51;11;9273.2;-2002.4;-13556.269;497;3;-1;-1;0.5;non;0.345;µm;1;V;2.76;11.669;6.09;-1;-1;-1;-1;-1;D:\Sessions Metalia\C Camus\ISO 643_INT_289071_2022-06-07_10-33-10\Images_289071\289071_Champ_1_1_51.tif
1;1;51;12;9273.2;-2002.4;-13556.269;497;23.5;-1;-1;1;non;0.345;µm;1;V;11.39;9.580;12.57;-1;-1;-1;-1;-1;D:\Sessions Metalia\C Camus\ISO 643_INT_289071_2022-06-07_10-33-10\Images_289071\289071_Champ_1_1_51.tif
1;1;51;13;9273.2;-2002.4;-13556.269;497;95;-1;-1;1;non;0.345;µm;1;V;37.95;6.106;41.90;-1;-1;-1;-1;-1;D:\Sessions Metalia\C Camus\ISO 643_INT_289071_2022-06-07_10-33-10\Images_289071\289071_Champ_1_1_51.tif
1;1;51;14;9273.2;-2002.4;-13556.269;497;180.5;-1;-1;1;non;0.345;µm;1;V;21.05;7.807;23.23;-1;-1;-1;-1;-1;D:\Sessions Metalia\C Camus\ISO 643_INT_289071_2022-06-07_10-33-10\Images_289071\289071_Champ_1_1_51.tif
1;1;51;15;9273.2;-2002.4;-13556.269;497;253;-1;-1;1;non;0.345;µm;1;V;28.98;6.884;31.99;-1;-1;-1;-1;-1;D:\Sessions Metalia\C Camus\ISO 643_INT_289071_2022-06-07_10-33-10\Images_289071\289071_Champ_1_1_51.tif
1;1;51;16;9273.2;-2002.4;-13556.269;497;311;-1;-1;1;non;0.345;µm;1;V;11.04;9.669;12.19;-1;-1;-1;-1;-1;D:\Sessions Metalia\C Camus\ISO 643_INT_289071_2022-06-07_10-33-10\Images_289071\289071_Champ_1_1_51.tif
1;1;51;17;9273.2;-2002.4;-13556.269;497;401;-1;-1;1;non;0.345;µm;1;V;51.06;5.250;56.37;-1;-1;-1;-1;-1;D:\Sessions Metalia\C Camus\ISO 643_INT_289071_2022-06-07_10-33-10\Images_289071\289071_Champ_1_1_51.tif
1;1;51;18;9273.2;-2002.4;-13556.269;497;555;-1;-1;1;non;0.345;µm;1;V;55.20;5.025;60.94;-1;-1;-1;-1;-1;D:\Sessions Metalia\C Camus\ISO 643_INT_289071_2022-06-07_10-33-10\Images_289071\289071_Champ_1_1_51.tif
1;1;51;19;9273.2;-2002.4;-13556.269;497;661;-1;-1;1;non;0.345;µm;1;V;17.94;8.268;19.81;-1;-1;-1;-1;-1;D:\Sessions Metalia\C Camus\ISO 643_INT_289071_2022-06-07_10-33-10\Images_289071\289071_Champ_1_1_51.tif
1;1;51;20;9273.2;-2002.4;-13556.269;497;742;-1;-1;1;non;0.345;µm;1;V;37.95;6.106;41.90;-1;-1;-1;-1;-1;D:\Sessions Metalia\C Camus\ISO 643_INT_289071_2022-06-07_10-33-10\Images_289071\289071_Champ_1_1_51.tif
1;1;51;21;9273.2;-2002.4;-13556.269;497;855;-1;-1;1;non;0.345;µm;1;V;40.02;5.953;44.18;-1;-1;-1;-1;-1;D:\Sessions Metalia\C Camus\ISO 643_INT_289071_2022-06-07_10-33-10\Images_289071\289071_Champ_1_1_51.tif
1;1;51;22;9273.2;-2002.4;-13556.269;497;942;-1;-1;1;non;0.345;µm;1;V;20.01;7.953;22.09;-1;-1;-1;-1;-1;D:\Sessions Metalia\C Camus\ISO 643_INT_289071_2022-06-07_10-33-10\Images_289071\289071_Champ_1_1_51.tif
1;1;51;23;9273.2;-2002.4;-13556.269;497;997.5;-1;-1;0.5;non;0.345;µm;1;V;18.29;6.213;40.37;-1;-1;-1;-1;-1;D:\Sessions Metalia\C Camus\ISO 643_INT_289071_2022-06-07_10-33-10\Images_289071\289071_Champ_1_1_51.tif
1;1;189;1;9627;-3768.8;-13548.031;55;497;-1;-1;0.5;non;0.345;µm;1;H;38.64;4.054;85.32;-1;-1;-1;-1;-1;D:\Sessions Metalia\C Camus\ISO 643_INT_289071_2022-06-07_10-33-10\Images_289071\289071_Champ_1_1_189.tif
1;1;189;2;9627;-3768.8;-13548.031;129.5;497;-1;-1;1;non;0.345;µm;1;H;12.77;9.250;14.09;-1;-1;-1;-1;-1;D:\Sessions Metalia\C Camus\ISO 643_INT_289071_2022-06-07_10-33-10\Images_289071\289071_Champ_1_1_189.tif
1;1;189;3;9627;-3768.8;-13548.031;156;497;-1;-1;1;non;0.345;µm;1;H;5.52;11.669;6.09;-1;-1;-1;-1;-1;D:\Sessions Metalia\C Camus\ISO 643_INT_289071_2022-06-07_10-33-10\Images_289071\289071_Champ_1_1_189.tif
1;1;189;4;9627;-3768.8;-13548.031;203;497;-1;-1;1;non;0.345;µm;1;H;26.91;7.098;29.71;-1;-1;-1;-1;-1;D:\Sessions Metalia\C Camus\ISO 643_INT_289071_2022-06-07_10-33-10\Images_289071\289071_Champ_1_1_189.tif
1;1;189;5;9627;-3768.8;-13548.031;328;497;-1;-1;1;non;0.345;µm;1;H;59.34;4.816;65.51;-1;-1;-1;-1;-1;D:\Sessions Metalia\C Camus\ISO 643_INT_289071_2022-06-07_10-33-10\Images_289071\289071_Champ_1_1_189.tif
1;1;189;6;9627;-3768.8;-13548.031;455.5;497;-1;-1;1;non;0.345;µm;1;H;28.64;6.919;31.61;-1;-1;-1;-1;-1;D:\Sessions Metalia\C Camus\ISO 643_INT_289071_2022-06-07_10-33-10\Images_289071\289071_Champ_1_1_189.tif
1;1;189;7;9627;-3768.8;-13548.031;547.5;497;-1;-1;1;non;0.345;µm;1;H;34.85;6.352;38.47;-1;-1;-1;-1;-1;D:\Sessions Metalia\C Camus\ISO 643_INT_289071_2022-06-07_10-33-10\Images_289071\289071_Champ_1_1_189.tif
1;1;189;8;9627;-3768.8;-13548.031;657.5;497;-1;-1;1;non;0.345;µm;1;H;41.06;5.879;45.32;-1;-1;-1;-1;-1;D:\Sessions Metalia\C Camus\ISO 643_INT_289071_2022-06-07_10-33-10\Images_289071\289071_Champ_1_1_189.tif
1;1;189;9;9627;-3768.8;-13548.031;867;497;-1;-1;1;non;0.345;µm;1;H;103.50;3.211;114.26;-1;-1;-1;-1;-1;D:\Sessions Metalia\C Camus\ISO 643_INT_289071_2022-06-07_10-33-10\Images_289071\289071_Champ_1_1_189.tif
1;1;189;10;9627;-3768.8;-13548.031;1020.5;497;-1;-1;0.5;non;0.345;µm;1;H;2.42;12.054;5.33;-1;-1;-1;-1;-1;D:\Sessions Metalia\C Camus\ISO 643_INT_289071_2022-06-07_10-33-10\Images_289071\289071_Champ_1_1_189.tif
1;1;189;11;9627;-3768.8;-13548.031;497;15;-1;-1;0.5;non;0.345;µm;1;V;11.04;7.669;24.38;-1;-1;-1;-1;-1;D:\Sessions Metalia\C Camus\ISO 643_INT_289071_2022-06-07_10-33-10\Images_289071\289071_Champ_1_1_189.tif
1;1;189;12;9627;-3768.8;-13548.031;497;74.5;-1;-1;1;non;0.345;µm;1;V;30.02;6.783;33.14;-1;-1;-1;-1;-1;D:\Sessions Metalia\C Camus\ISO 643_INT_289071_2022-06-07_10-33-10\Images_289071\289071_Champ_1_1_189.tif
1;1;189;13;9627;-3768.8;-13548.031;497;246;-1;-1;1;non;0.345;µm;1;V;88.32;3.669;97.51;-1;-1;-1;-1;-1;D:\Sessions Metalia\C Camus\ISO 643_INT_289071_2022-06-07_10-33-10\Images_289071\289071_Champ_1_1_189.tif
1;1;189;14;9627;-3768.8;-13548.031;497;394.5;-1;-1;1;non;0.345;µm;1;V;14.15;8.954;15.62;-1;-1;-1;-1;-1;D:\Sessions Metalia\C Camus\ISO 643_INT_289071_2022-06-07_10-33-10\Images_289071\289071_Champ_1_1_189.tif
1;1;189;15;9627;-3768.8;-13548.031;497;447;-1;-1;1;non;0.345;µm;1;V;22.08;7.669;24.38;-1;-1;-1;-1;-1;D:\Sessions Metalia\C Camus\ISO 643_INT_289071_2022-06-07_10-33-10\Images_289071\289071_Champ_1_1_189.tif
1;1;189;16;9627;-3768.8;-13548.031;497;487;-1;-1;1;non;0.345;µm;1;V;5.52;11.669;6.09;-1;-1;-1;-1;-1;D:\Sessions Metalia\C Camus\ISO 643_INT_289071_2022-06-07_10-33-10\Images_289071\289071_Champ_1_1_189.tif
1;1;189;17;9627;-3768.8;-13548.031;497;525;-1;-1;1;non;0.345;µm;1;V;20.70;7.855;22.85;-1;-1;-1;-1;-1;D:\Sessions Metalia\C Camus\ISO 643_INT_289071_2022-06-07_10-33-10\Images_289071\289071_Champ_1_1_189.tif
1;1;189;18;9627;-3768.8;-13548.031;497;646;-1;-1;1;non;0.345;µm;1;V;62.79;4.653;69.32;-1;-1;-1;-1;-1;D:\Sessions Metalia\C Camus\ISO 643_INT_289071_2022-06-07_10-33-10\Images_289071\289071_Champ_1_1_189.tif
1;1;189;19;9627;-3768.8;-13548.031;497;749;-1;-1;1;non;0.345;µm;1;V;8.28;10.499;9.14;-1;-1;-1;-1;-1;D:\Sessions Metalia\C Camus\ISO 643_INT_289071_2022-06-07_10-33-10\Images_289071\289071_Champ_1_1_189.tif
1;1;189;20;9627;-3768.8;-13548.031;497;878.5;-1;-1;1;non;0.345;µm;1;V;81.08;3.916;89.51;-1;-1;-1;-1;-1;D:\Sessions Metalia\C Camus\ISO 643_INT_289071_2022-06-07_10-33-10\Images_289071\289071_Champ_1_1_189.tif
1;1;189;21;9627;-3768.8;-13548.031;497;1010;-1;-1;0.5;non;0.345;µm;1;V;9.66;8.054;21.33;-1;-1;-1;-1;-1;D:\Sessions Metalia\C Camus\ISO 643_INT_289071_2022-06-07_10-33-10\Images_289071\289071_Champ_1_1_189.tif
